60000	60000	-749.966845529395	0.9140820911096368
60000	62000	877.0852193862177	3.1763643052829393
60000	64000	158.31687200903355	3.445383281414621
60000	66000	114.04740783597236	4.137601789948807
60000	100000	-5.411558608854335	0.7256922885242483
60000	102000	5.388242130657748	1.31420963626864
60000	104000	13.665041054292727	4.624814946949955
60000	122000	38.52404195427144	2.206339579371956
60000	130000	44.54928768532071	3.5135699343534332
60000	138000	13.713965753490834	7.660063945194454
60000	150000	29.798899816884656	4.443566093062328
60000	158000	14.445642486563862	1.6425809600066215
60000	160000	1.1861976076943392E-6	1.0000000239331284
62000	62000	-7658.376845529396	0.12263891666065492
62000	64000	-100.8657806137823	0.7497156722057683
62000	66000	200.58187200903356	4.098214044664489
62000	86000	-0.24195236970385015	0.9098565780115957
62000	88000	-8.737208761686853	0.2996971361865952
62000	90000	-3.2984258917057745	0.4893663283206791
62000	94000	-25.776880893749677	0.14182307341249428
62000	100000	-3.527428369974807	0.6630737728882304
62000	104000	-5.924857869342251	0.6544981849503183
62000	122000	37.36374995033833	2.9488351638456374
62000	124000	-20.779658045728564	0.34930701258885233
62000	126000	42.46484106954725	2.8519047694954165
62000	128000	28.5026973862545	2.352595021540548
62000	130000	54.448162843266644	6.194029252690755
62000	132000	92.4284876853207	6.215020930629414
62000	142000	12.290227220901025	4.189638234643341
62000	150000	19.317344609513164	2.673097744271907
62000	158000	0.22223247473944774	1.0151722820898974
62000	160000	-14.445607513436133	0.3574205956919921
64000	64000	-7857.535845529395	0.0998228082970684
64000	66000	-161.64678061378228	0.598896121362154
64000	72000	-3.393757406678297	0.7419780098645079
64000	74000	0.23035533902546845	1.0141277703335447
64000	86000	-3.4278371659841764	0.49017808750854547
64000	88000	-0.9289323697038503	0.6539106324794554
64000	90000	-8.199628761686853	0.3427851318837619
64000	92000	-2.7751558917057744	0.570374448603611
64000	94000	-10.447039826920548	0.16014232809531798
64000	100000	-3.177359695978491	0.6655819081408182
64000	102000	-0.5469183699748079	0.947760486222135
64000	106000	-8.99446786934225	0.4754971270544954
64000	122000	15.118072178638236	1.9578143254163665
64000	124000	16.124149950338328	1.841010617298992
64000	126000	64.68284195427145	3.0254747009236613
64000	128000	50.97774106954725	3.2231549547114193
64000	130000	78.82809738625451	4.740786025872074
64000	132000	39.67136284326664	4.784410866077877
64000	150000	13.365877790032677	4.792575210561599
64000	152000	-6.2128853904868375	0.4618947509418904
64000	154000	-4.138410183115346	0.5217645928765119
64000	156000	3.886736362124749	1.356419011671464
64000	158000	7.911109239182965	1.578090784753231
64000	160000	14.325032474739448	1.9780003300980624
66000	66000	-7414.776845529395	0.1505462871403705
66000	72000	-21.598192164027658	0.4058038873537918
66000	90000	-0.47244236970385023	0.8239836545120718
66000	92000	-6.9398987616868535	0.4437547379323347
66000	98000	-0.8078908937496792	0.973103288676628
66000	100000	0.9627993462995423	1.112253616989542
66000	104000	-2.6958183699748073	0.7425059229818749
66000	110000	5.204721054292726	2.380614269459425
66000	122000	13.781523041785174	8.286887825669675
66000	124000	14.82097217863824	1.9389913807499632
66000	126000	48.492649950338325	3.5293013023822843
66000	128000	6.39104195427144	1.2001287111050272
66000	130000	-2.1889589304527455	0.9045388283239785
66000	132000	29.639797386254504	2.4065560827745447
66000	150000	11.039663586186819	1.7599705303972013
66000	154000	1.9471446095131633	1.168644465365252
66000	158000	17.72323636212475	2.6252448839506615
66000	160000	19.25860923918296	2.4072899503388623
70000	70000	-6643.916845529395	0.23885776336366096
70000	72000	-153.3807806137823	0.6194070443030946
70000	74000	-17.466027990966452	0.7302174285038168
70000	76000	33.16100783597234	1.9123051502608153
70000	90000	2.787035804385969	1.5253360074716402
70000	92000	-3.1942271659841768	0.524922881735938
70000	94000	2.8465976302961504	2.0605477918362958
70000	104000	20.56659934629954	3.3978777869658083
70000	106000	13.716540304021512	2.4436701142732336
70000	110000	165.11194139114565	9.369396333658509
70000	152000	43.723267870894944	3.65671680639714
70000	154000	36.26426358618682	3.4964321980374455
72000	72000	-7567.396845529395	0.13306179254835823
72000	74000	-139.41978061378228	0.6540493132576645
72000	76000	-32.33522799096645	0.5005458045853278
72000	86000	-2.3478931440577675	0.7862958707012929
72000	88000	6.169272278325275	1.8570900565933839
72000	90000	-2.8870461713992044	0.5695445001250233
72000	92000	-2.0129241956140307	0.6205784085720008
72000	94000	-1.5683071659841774	0.7667458166710953
72000	98000	38.93787123831315	4.120939819884049
72000	102000	-3.590789826920547	0.7113294833465325
72000	104000	112.00220910625035	4.728834065611076
72000	106000	34.562499346299546	5.029671996280882
72000	110000	5.264261630025194	1.5028217793537537
72000	124000	16.173012294333674	2.498057679877237
72000	152000	10.228827220901026	3.6546505457491936
72000	154000	54.42246787089495	4.306822478711849
72000	156000	24.82826358618682	2.7091778657136887
72000	158000	3.7551877900326787	2.0655366110037368
72000	160000	7.840144609513164	1.6790440677070164
74000	74000	-7234.346845529395	0.17121675863320746
74000	76000	311.7012193862177	1.7734429822680813
74000	86000	19.531054779418692	5.0825397501249965
74000	88000	49.31254685594224	5.488404813490756
74000	90000	24.549972278325278	4.4107000275092085
74000	92000	20.552243828600798	4.064317598531912
74000	94000	11.998255804385972	3.261584078317301
74000	102000	8.526024108294223	2.319925060675894
74000	104000	-0.8383598269205486	0.9326026372904668
74000	106000	116.53020910625034	4.879582526590715
74000	128000	5.038600140618294	2.552382940891924
76000	76000	-5857.606845529395	0.3289392267540763
76000	86000	44.36255533902548	3.7207704231661816
76000	88000	28.53055477941869	6.963688356597924
76000	90000	40.33394685594223	4.6711768658826935
76000	92000	60.83397227832528	9.451595324462524
76000	94000	37.688843828600795	6.619366351209979
76000	98000	57.60910283401583	9.568196667919084
76000	100000	4.3545476302961506	2.622359909460086
76000	104000	10.561724108294229	2.6350744681710014
76000	106000	14.598340173079452	2.1735887097741746
76000	128000	1.3457122943336728	1.1246492985192424
76000	140000	15.43644106954725	1.6731879390272792
76000	142000	27.837197386254505	2.3210137303161837
84000	84000	283554.2231544706	33.48461722766732
84000	86000	-218.67478061378227	0.45738911513472036
84000	88000	-28.85982799096645	0.5542272912669461
84000	90000	-6.151092164027656	0.830774954466735
86000	86000	-8529.453845529395	0.0228463528045005
86000	88000	-238.0557806137823	0.4092978742058102
86000	90000	55.15087200903355	1.8518676414894857
86000	92000	64.79240783597236	2.7825286752121885
86000	94000	58.866522593321704	5.475528298515345
86000	96000	-2.9329446609745293	0.8201215185784662
86000	98000	0.9750647794186929	1.203815962111707
86000	100000	-9.052703144057768	0.1760272190850036
86000	102000	-3.2387677216747237	0.5500416443580003
86000	104000	0.8471138286007953	1.1263037668582336
86000	106000	-0.45869419561403024	0.9135394755262645
86000	110000	-0.8599423697038502	0.6796140165405087
86000	122000	-3.350269695978491	0.6473830770998888
86000	124000	-5.924618369974807	0.43410351533603203
86000	126000	-17.440328608854337	0.11596326051937127
86000	128000	-10.152597869342252	0.4079620020122623
86000	130000	-2.3331289457072746	0.38110974991146546
86000	132000	-6.299249054610015	0.4433172364308032
86000	138000	-7.3262477056663275	0.3213916220170286
86000	140000	6.968580140618294	3.1470060395002104
86000	142000	2.509033041785176	2.3266343836565597
86000	144000	-8.893747821361764	0.43653139307155975
86000	146000	-0.22365004966167135	0.988334760784027
86000	150000	-21.181188930452745	0.07628184126141212
86000	152000	-14.804672613745497	0.29744451195181165
86000	154000	-6.479897156733357	0.38185654705404093
86000	158000	0.7037964377401208	4.744104677137674
88000	88000	-8304.408845529395	0.04862802024952347
88000	90000	-165.1457806137823	0.5902138422222615
88000	92000	55.155872009033544	1.851944872148808
88000	94000	51.242407835972344	2.40974945067293
88000	96000	7.568822593321704	1.5754455709380832
88000	100000	0.06515477941869285	1.0136191813443554
88000	102000	-7.888543144057767	0.28198851455282736
88000	104000	-4.781557721674724	0.33570356544755486
88000	110000	-3.9446971659841767	0.41330554633149774
88000	124000	-4.797019695978491	0.4951121916192081
88000	128000	-17.155438608854336	0.13040411380597572
88000	138000	-26.375767744258717	0.10944538542012942
88000	140000	-5.457577705666328	0.49448092620540024
88000	150000	-26.709828045728564	0.1636100186987551
88000	152000	-20.434478930452748	0.10884609384309889
88000	154000	-18.951182613745498	0.1006719501565608
88000	158000	-16.393282314679293	0.07505453639108836
90000	90000	-8193.678845529395	0.06131350109196561
90000	92000	-159.4987806137823	0.6042260829490328
90000	94000	62.87187200903354	1.9711272256147012
90000	100000	-9.014504660974529	0.44713740059293977
90000	102000	-3.423115220581307	0.2844726454811048
90000	104000	-6.0155931440577675	0.45246354233806346
90000	110000	3.8082058043859686	1.717819135928616
90000	122000	-22.028570893749677	0.2666137014545859
90000	128000	-6.9030183699748076	0.34065055583383524
90000	130000	-14.386948608854336	0.27073672609644456
90000	138000	-40.89283925143996	0.09921554313087301
90000	140000	-25.110937744258713	0.1521512586322654
90000	144000	5.728720140618296	2.7650075757645918
90000	150000	-14.761590049661672	0.2300583907854236
90000	152000	-23.773478045728563	0.2555587095472783
90000	154000	-19.429718930452747	0.15266398622966876
90000	156000	-9.656602613745498	0.5417460865775274
90000	158000	-9.348027156733357	0.10825409028424011
90000	160000	-14.843722314679292	0.1624841593962641
92000	92000	-8295.214845529395	0.04968130581680797
92000	94000	-185.2997806137823	0.5402045099029148
92000	98000	-23.554292164027657	0.351988873248903
92000	100000	-8.253477406678297	0.3725012100691609
92000	102000	-11.87676466097453	0.2715940331764787
92000	104000	0.33218477941869295	1.0694359614306341
92000	106000	-2.901163144057768	0.7359374956124024
92000	110000	-2.7394261713992045	0.5915544844200606
92000	124000	-28.275040893749676	0.058653070037738314
92000	126000	-6.0232706537004574	0.2977416119116442
92000	128000	-5.236479695978491	0.44885889054207667
92000	130000	-1.3739283699748075	0.8687677102226341
92000	132000	-14.113848608854335	0.28457995342127756
92000	138000	-8.948019054610015	0.20923781031570587
92000	140000	-26.390219251439962	0.4186781903575344
92000	142000	-10.224637744258715	0.6547740936360361
92000	144000	-3.0802177056663274	0.7146886612283136
92000	146000	7.424480140618294	3.2874679461808585
92000	150000	-11.984567821361763	0.24071068006646582
92000	152000	-17.342880049661673	0.09542231365801107
92000	154000	-28.916338045728562	0.09451549459768577
92000	158000	-16.532412613745496	0.2154546395250897
92000	160000	-5.611777156733358	0.4646700055691708
94000	94000	-8215.845845529395	0.05877399911567721
94000	100000	-29.733972164027655	0.18197733684294246
94000	102000	-7.912227406678296	0.3984459060455057
94000	104000	-6.93761466097453	0.574513762053315
94000	106000	3.7463947794186936	1.7831018743931253
94000	124000	-9.707549826920548	0.219591354813527
94000	126000	-22.165440893749675	0.2620569563454244
94000	128000	-7.534842653700458	0.12150611176068547
94000	130000	-7.02696969597849	0.26040926362360145
94000	138000	-1.275838945707274	0.6615685191192451
94000	140000	-5.227619054610016	0.538020262895057
94000	142000	-22.38331925143996	0.5069418889976773
94000	144000	-17.457037744258713	0.4105784646428497
94000	150000	6.996083041785176	4.699131960233248
94000	152000	-12.945177821361764	0.17985067038624394
94000	154000	-7.518850049661673	0.607828459725293
94000	156000	-24.145558045728563	0.24390741835552038
94000	158000	-21.424078930452747	0.06568933371555644
96000	96000	-5361.716845529396	0.3857495138935925
96000	98000	314.93421938621776	1.7814652196099714
96000	102000	4.544907835972346	1.1250366951067285
96000	126000	80.16314017307946	7.444469380201131
96000	128000	37.35010910625033	2.2434786804745666
96000	158000	135.55434195427145	5.2447406751675745
96000	160000	67.10074106954725	3.92628393969158
98000	98000	-8116.619845529395	0.07014155553283755
98000	100000	-314.7350806137823	0.21902891540284938
98000	102000	-12.459427990966454	0.8075500322962404
98000	104000	-22.80989216402766	0.37246834592396016
98000	124000	14.335071238313148	2.1489815243033865
98000	130000	-5.837390893749678	0.8056586366233828
98000	138000	-7.477658608854334	0.620963280923232
98000	150000	48.76861229433367	5.517290462338821
98000	156000	140.4140721786382	9.8960158566237
98000	158000	52.30054995033833	3.727915451932887
98000	160000	6.510941954271434	1.203883252638815
100000	100000	-8391.851845529396	0.038610351132701747
100000	102000	-115.42578061378231	0.7135870685256211
100000	104000	-63.189437990966454	0.023967608352707608
100000	110000	-12.84735466097453	0.21206742239313162
100000	122000	-0.7314871659841771	0.8912059797864014
100000	124000	0.3013676302961499	1.1122795759540722
100000	128000	27.732024108294222	5.29323130440091
100000	130000	0.6774401730794519	1.054460721509944
100000	132000	-20.361940893749676	0.3220999884516035
100000	138000	-3.806818369974807	0.6363875276354516
100000	140000	-13.062138608854335	0.33789031815873694
100000	142000	-8.673637869342251	0.49420598889841594
100000	148000	210.78708074856004	5.643202319106136
100000	150000	137.49576225574128	5.642423558976048
100000	152000	-7.692947705666327	0.2874252995278379
100000	154000	1.921640140618294	1.5920536040914999
100000	158000	-11.057967821361764	0.2994159662592949
102000	102000	-8171.282845529396	0.06387923782950138
102000	104000	-370.82948061378227	0.07983850700479665
102000	110000	-7.753647406678297	0.41050249179767784
102000	124000	-2.0697171659841773	0.6921711526003924
102000	126000	10.86441763029615	5.047721393697349
102000	128000	26.753871238313142	3.144370491459853
102000	130000	5.966224108294225	1.9236390395008818
102000	138000	-3.1867996959784906	0.6645883452177579
102000	142000	20.024341391145665	2.0150183445906
102000	144000	3.8218421306577497	1.222866678339777
102000	148000	89.82331094538999	8.937944433776742
102000	150000	101.70108074856003	3.2402639303620617
102000	152000	-20.038327744258716	0.32342347664940047
102000	154000	1.3001122943336725	1.120425507121623
104000	104000	-7502.086845529395	0.14054385480628198
104000	106000	718.6252193862176	2.7831679770441946
104000	110000	-11.682692164027653	0.6785929944326863
104000	122000	0.5775838286007948	1.0861171318017275
104000	128000	2.45464763029615	1.9145202315706074
104000	138000	-6.876570653700458	0.19825461937750552
104000	144000	12.62134139114566	1.63976601253004
104000	150000	-3.383119054610015	0.701024035011661
104000	152000	-12.341119251439956	0.7281507323638815
104000	154000	165.11776225574127	6.575056110279875
104000	156000	20.145412294333674	2.8660091918926742
104000	158000	4.375170140618294	2.347981443306615
106000	106000	-6252.546845529396	0.28369400139587075
106000	110000	-38.56962799096645	0.40424844008976485
106000	126000	11.33565580438597	3.1366887906418
106000	130000	7.52251763029615	3.8026403791498216
106000	144000	40.969261630025194	4.913224394874946
106000	152000	23.75981094538998	3.0997228565334454
106000	154000	102.24808074856006	3.252313206150367
106000	156000	3.214262255741282	1.1085267398498146
110000	110000	-7223.016845529395	0.17251474922243235
110000	124000	-2.748603144057766	0.7498234350335913
110000	126000	4.9186722783252765	1.6833456056406277
110000	138000	-2.657675891705775	0.5885616826717571
110000	140000	6.179240173079451	1.4967610300986232
110000	144000	28.81959934629954	4.36010226766925
110000	150000	-10.569648608854337	0.46423270437211334
110000	152000	143.87544213065775	9.389944112319471
110000	154000	17.767941054292724	5.713158054500957
110000	158000	-40.94793925143996	0.09800180438144777
122000	122000	-8320.529845529396	0.046781161795075625
122000	124000	696.6852193862178	2.7287269355096875
122000	126000	40.789872009033544	1.6300457417844971
122000	128000	14.879207835972345	1.4093475689189838
122000	130000	77.1344225933217	6.864407746504411
122000	132000	173.34185533902547	11.631114224574144
122000	154000	-17.39739089374968	0.4207972830622901
122000	158000	66.9129403040215	8.042607686337849
122000	160000	51.131061630025194	5.883839975281141
124000	124000	-7588.8668455293955	0.13060214047857377
124000	126000	-248.0107806137823	0.38459593398356673
124000	128000	-39.603127990966456	0.38828486280788294
124000	130000	26.84590783597234	1.7385680225200129
124000	132000	56.5649225933217	5.300541302884121
124000	146000	37.860002834015816	6.630914806371212
124000	150000	-4.592138761686853	0.6319318888270481
124000	156000	51.79890910625032	2.7245154214203726
124000	158000	13.946299346299543	2.626011225763701
124000	160000	30.755840304021504	4.237061715428211
126000	126000	-8332.336845529395	0.04542852500010846
126000	128000	-243.9297806137823	0.39472236472660793
126000	130000	56.47287200903355	1.8722874278142543
126000	132000	-1.9827921640276571	0.9454506475772142
126000	140000	12.61104685594223	2.147851551385604
126000	156000	17.83354017307945	2.4336726747212998
126000	158000	-13.381690893749678	0.5544899939182831
126000	160000	6.346899346299542	1.7399905401151208
128000	128000	-8542.318845529395	0.021372509121325045
128000	130000	-192.8207806137823	0.5215422002684104
128000	132000	10.134572009033548	1.1565399356410295
128000	138000	-12.788384660974529	0.2156840723049316
128000	140000	18.105854779418692	4.784632867082025
128000	142000	10.914946855942233	1.9934733273932184
128000	144000	4.376972278325276	1.6080878341060776
128000	146000	9.319443828600797	2.3895191187236544
128000	148000	22.571355804385966	5.254536638114836
128000	150000	-1.049667165984176	0.8438830970875797
128000	154000	-7.979208761686853	0.3604521879713572
128000	156000	8.272424108294224	2.280664909503934
128000	158000	10.407540173079449	1.8366822185833938
128000	160000	-11.965090893749679	0.6016521559818337
130000	130000	-8256.301845529395	0.05413926767016254
130000	132000	-130.7267806137823	0.6756197769796093
130000	138000	-4.442927406678297	0.6622112796740269
130000	156000	42.93097123831315	4.440993906007707
130000	158000	23.986424108294226	4.713370018006221
130000	160000	5.7760401730794495	1.46434700479364
132000	132000	-7265.686845529395	0.16762637689743454
132000	158000	49.629971238313146	4.977930702717629
138000	138000	-8586.970845529395	0.016257074364920035
138000	140000	-185.7457806137823	0.539097823279196
138000	142000	73.85287200903355	2.140741199617938
138000	144000	36.645707835972345	2.008174062714834
138000	146000	27.416122593321703	3.0844042946049184
138000	150000	2.3976347794186923	1.5011731011872327
138000	154000	-4.304657721674724	0.4019587458884389
140000	140000	-7570.016845529395	0.13276163938474222
140000	142000	567.0442193862177	2.407040925228234
140000	144000	154.15187200903353	3.3810501421992964
140000	146000	166.19840783597232	5.572347866623852
140000	160000	17.639255804385968	4.324871608920237
142000	142000	-7786.161845529396	0.1079995761978041
142000	144000	248.26521938621778	1.6160354202451546
142000	156000	48.42194685594224	5.407342820514152
142000	158000	3.7491722783252754	1.5208682864424439
142000	160000	22.531543828600796	4.359429114011977
144000	144000	-7994.349845529396	0.08414908504250433
144000	146000	-199.0367806137823	0.5061180656203474
144000	154000	40.080555339025466	3.45815392456812
146000	146000	-6748.086845529395	0.2269238110530207
148000	148000	-7007.426845529395	0.1972132303460854
148000	150000	892.4352193862176	3.2144531834759515
148000	158000	25.254655339025472	2.548876496598715
150000	150000	-7368.446845529395	0.15585395739622118
152000	152000	-7471.346845529395	0.14406549917634132
152000	154000	-13.055780613782304	0.9676039063509417
152000	158000	-32.359082164027654	0.1097569331432928
154000	154000	-7871.4338455293955	0.09823062178258939
154000	156000	9.779219386217676	1.0242657652133154
156000	156000	-7295.816845529395	0.16417461551585066
156000	158000	33.8912193862177	1.0840963209781305
156000	160000	140.69687200903354	3.1732224379634757
158000	158000	-8243.464845529395	0.055609903609604695
158000	160000	74.57821938621771	1.1850554211109703
160000	160000	-7763.181845529395	0.1106322173046344
