chromosome1	x1	x2	chromosome2	y1	y2	color	APScoreAvg	ProbabilityofEnrichment	RegAPScoreAvg	Avg_diffMaxNeihgboor_1	Avg_diffMaxNeihgboor_2	avg	std	value
chr5	2168000	2170000	chr5	2198000	2200000	0,0,0	4.9473886	1.0	2.5358272	1.7539337	1.817605	1.9788625	0.97044796	3.5379148
chr5	4570000	4572000	chr5	4608000	4610000	0,0,0	9.333754	1.0	5.8045454	1.2802634	1.3019115	2.1491253	0.44444096	3.2871373
chr5	2204000	2206000	chr5	2232000	2234000	0,0,0	5.331209	1.0	2.7389078	1.7163547	2.312158	2.64713	1.0403216	4.1727786
chr5	4622000	4624000	chr5	4666000	4668000	0,0,0	4.6242495	1.0	2.442889	1.9936571	2.2313857	2.6076798	0.69865793	4.3798194
chr5	2114000	2116000	chr5	2144000	2146000	0,0,0	4.7732153	1.0	2.479004	1.6862814	2.1115856	2.4354496	0.9366469	3.9343665
chr5	2732000	2734000	chr5	2766000	2768000	0,0,0	6.6024923	1.0	3.4716282	0.95573795	1.9535998	2.4321058	0.4679224	3.2816508
chr5	3520000	3522000	chr5	3552000	3554000	0,0,0	3.8579564	1.0	2.4125817	1.0993451	1.2337294	2.0693383	0.55481154	3.0465338
chr5	1218000	1220000	chr5	1248000	1250000	0,0,0	4.5795884	1.0	2.5586116	1.1818416	1.9025439	2.5656397	0.4832798	3.6161656
chr5	3106000	3108000	chr5	3152000	3154000	0,0,0	5.8051744	1.0	3.212738	2.3751812	2.671955	3.4199777	1.2516599	5.53125
chr5	2378000	2380000	chr5	2408000	2410000	0,0,0	4.876336	1.0	2.3121238	1.6848224	2.1427054	2.13551	0.5862366	3.6331298
chr5	246000	248000	chr5	270000	272000	0,0,0	5.199945	1.0	2.5307305	1.9291807	2.1950674	2.22462	0.79516625	3.9394476
chr5	4422000	4424000	chr5	4492000	4494000	0,0,0	23.730167	1.0	10.448478	11.380202	11.718874	9.791029	5.644193	19.906765
chr5	4160000	4162000	chr5	4198000	4200000	0,0,0	5.745498	1.0	2.6805737	2.531581	3.3362806	3.2710042	1.4036245	5.5212984
chr5	2638000	2640000	chr5	2674000	2676000	0,0,0	6.056833	1.0	3.0490923	2.4096777	3.2720768	3.6279094	1.1994032	5.769845
chr5	208000	210000	chr5	238000	240000	0,0,0	4.5957646	1.0	2.5649507	1.4712595	2.0444345	2.7186644	0.7159171	4.0264506
chr3	4964000	4966000	chr3	4994000	4996000	0,0,0	3.9356525	1.0	2.062968	1.1405444	2.0783951	2.548721	0.70408654	3.5625384
chr3	5152000	5154000	chr3	5180000	5182000	0,0,0	3.512648	0.97880435	1.8727511	1.1443952	2.2394054	2.837119	0.6488126	3.854359
chr3	4838000	4840000	chr3	4874000	4876000	0,0,0	5.7198267	1.0	3.0503266	1.5946329	2.6446106	3.3024688	0.8518536	4.71992
chr3	3390000	3392000	chr3	3424000	3426000	0,0,0	5.3972306	1.0	3.1865752	1.3166585	2.1134984	3.1607144	0.6906987	4.3310776
chr3	1982000	1984000	chr3	2010000	2012000	0,0,0	3.929807	1.0	2.4124062	0.8453877	1.4612349	2.3711371	0.4145787	3.1225932
chr3	3740000	3742000	chr3	3772000	3774000	0,0,0	3.85255	1.0	2.3221083	1.3876947	1.57602	2.4233828	0.8542027	3.6568892
chr3	396000	398000	chr3	408000	410000	0,0,0	3.3575733	1.0	1.8962282	1.056089	1.1406431	1.5149901	0.41235045	2.4537358
chr3	5386000	5388000	chr3	5420000	5422000	0,0,0	3.8136442	0.98592097	2.3107004	1.5206497	1.8650402	2.9118204	0.70927626	4.263509
chr3	2264000	2266000	chr3	2308000	2310000	0,0,0	4.3126774	0.991255	2.0982006	1.6041231	3.0007148	3.3138754	0.9821564	4.739763
chr3	2366000	2368000	chr3	2394000	2396000	0,0,0	5.103039	1.0	2.6210744	1.4601138	1.9867375	2.277072	0.6700652	3.5749507
chr3	5370000	5372000	chr3	5384000	5386000	0,0,0	4.5539136	1.0	2.7845838	0.8061749	0.9264456	1.4734555	0.48834395	2.1900554
chr3	5086000	5088000	chr3	5102000	5104000	0,0,0	3.192052	1.0	1.9154006	0.62614214	1.3765838	2.147236	0.3240233	2.7038069
chr3	2892000	2894000	chr3	2916000	2918000	0,0,0	3.310838	1.0	1.8772068	0.8782634	1.5108616	2.1014514	0.50290495	2.8821301
chr3	3242000	3244000	chr3	3274000	3276000	0,0,0	5.5276246	1.0	2.7353978	1.591476	2.219706	2.4058452	0.6466371	3.8204904
chr3	410000	412000	chr3	438000	440000	0,0,0	4.817416	1.0	2.5177355	1.5835004	1.8566557	2.143121	0.75868595	3.550677
chr3	2640000	2642000	chr3	2670000	2672000	0,0,0	14.378494	1.0	4.993136	3.485594	4.669536	3.188914	1.5885	6.28722
chr3	5830000	5832000	chr3	5862000	5864000	0,0,0	3.6286838	1.0	1.9597632	1.3086004	1.3645316	1.6460706	0.5735132	2.809271
chr4	1204000	1206000	chr4	1238000	1240000	0,0,0	9.378848	1.0	3.8947594	2.474635	4.570847	4.157496	1.5843326	6.3571715
chr4	1748000	1750000	chr4	1780000	1782000	0,0,0	7.997905	1.0	4.1818385	1.7067257	1.9791988	2.2823505	0.80482274	3.7994401
chr4	1264000	1266000	chr4	1298000	1300000	0,0,0	10.136402	1.0	5.6657953	1.8469821	3.2129364	4.3606076	1.2723241	6.0023694
chr4	3874000	3876000	chr4	3902000	3904000	0,0,0	13.168475	1.0	3.407922	5.742343	6.168419	2.7009988	2.4004986	7.8053036
chr4	3110000	3112000	chr4	3138000	3140000	0,0,0	5.7807035	1.0	3.171377	1.5147927	2.1303165	2.7478795	0.7244771	4.094362
chr4	5076000	5078000	chr4	5130000	5132000	0,0,0	9.362865	1.0	4.407536	3.3682775	4.6583138	4.6755877	1.4996347	7.669612
chr4	2272000	2274000	chr4	2304000	2306000	0,0,0	6.721326	1.0	3.2686317	2.1188202	2.754608	2.8684196	0.9623618	4.7518153
chr1	4872000	4874000	chr1	4900000	4902000	0,0,0	6.319879	1.0	3.191666	2.053531	2.585093	2.8447065	0.7956151	4.6700673
chr1	2204000	2206000	chr1	2252000	2254000	0,0,0	12.476408	1.0	5.2876706	5.5169168	8.156877	7.220299	2.6853592	12.124225
chr1	626000	628000	chr1	660000	662000	0,0,0	6.3005977	1.0	2.9931638	2.993512	3.5065186	3.4390306	1.1893083	6.09993
chr1	1770000	1772000	chr1	1800000	1802000	0,0,0	13.217648	1.0	6.8770967	1.1944282	2.6435797	3.2620153	0.7481498	4.3237295
chr2	484000	486000	chr2	516000	518000	0,0,0	6.514333	1.0	4.0395665	1.3858315	1.5550278	2.5552008	0.9370777	3.787051
chr2	764000	766000	chr2	802000	804000	0,0,0	6.8741126	1.0	3.9630694	1.8502951	2.47277	3.490534	1.209043	5.135241
chr2	8308000	8310000	chr2	8368000	8370000	0,0,0	13.794765	1.0	5.481322	10.74137	13.472381	10.462937	6.773092	20.01082
chr2	6270000	6272000	chr2	6306000	6308000	0,0,0	6.4009295	0.9983836	3.6864002	2.283813	3.1176276	4.398162	1.0951687	6.428218
chr2	4926000	4928000	chr2	4960000	4962000	0,0,0	7.845681	1.0	4.1412907	1.3628459	1.5853556	1.861159	0.898169	3.0725777
