0	0	25.2095260230316	1.1298098613108296
0	2000	42.18848186773411	1.4101164527036056
0	4000	2.3558407682017943	1.040619933793415
0	6000	-1.8282499659382836	0.9593052574887249
0	8000	-9.527679925789919	0.7454056319223271
0	10000	-1.04832702238485	0.9675541273407615
0	12000	0.5748060612479122	1.019874220554124
0	14000	-4.101209302986547	0.8439276094069779
0	16000	-1.138813747811632	0.9536679857584878
0	18000	-3.270160200507785	0.8560552363551566
0	20000	-2.070630418482626	0.9051771535153722
0	22000	-0.26814074714920366	0.987295424505398
0	24000	-0.3468561230090934	0.9827652181214056
0	26000	0.09266954506432157	1.004662541097087
0	28000	-0.7944253747345655	0.9595426613156209
0	30000	-0.45444158986917316	0.9764827330278821
0	32000	1.1138576860148675	1.0570757079493227
0	34000	-0.46241912318057743	0.9765860405256181
0	36000	-4.9610738873723506	0.7560528376052275
0	38000	0.2769586445921348	1.0127861443629007
0	40000	-5.4952423910383175	0.7562603597763683
0	42000	-3.873079132995631	0.8461811258073135
0	44000	-3.3923095309875144	0.8757022861699282
0	46000	0.9111153378815473	1.0296762988832284
0	48000	1.2345148858614223	1.0339806988649403
0	50000	3.4567135380414484	1.0823491983068616
0	52000	5.484853635453099	1.1160654778523549
0	54000	-1.0519608782999512E-4	0.9999991777643928
2000	2000	375.0095260230315	2.9310134795400513
2000	4000	8.769481867734115	1.0852485947922752
2000	6000	0.020540768201797732	1.000354168522629
2000	8000	-11.706249965938284	0.7394323330989402
2000	10000	-1.9427799257899139	0.9480859105917684
2000	12000	0.3298729776151461	1.0102096162713388
2000	14000	-4.047393938752087	0.8600592352252678
2000	16000	-0.7497093029865454	0.9714696533332908
2000	18000	-5.06181374781163	0.7940628771806122
2000	20000	-2.6157602005077827	0.8848603858137545
2000	22000	-2.3954304184826256	0.890303200025992
2000	24000	-2.624040747149202	0.8756722947649628
2000	26000	-1.415856123009096	0.9296481456350297
2000	28000	-3.9295304549356764	0.8022910630922442
2000	30000	-3.6720253747345684	0.812996438724144
2000	32000	-0.8292415898691701	0.9570869033819044
2000	34000	-1.6357423139851335	0.9161821552559468
2000	36000	-7.262019123180577	0.632297599885508
2000	38000	-1.6897738873723505	0.9169100170101276
2000	40000	-7.500341355407867	0.6537373026124248
2000	42000	-5.223342391038319	0.7683203934310954
2000	44000	-6.014479132995632	0.7611356811144614
2000	46000	-2.2166095309875153	0.9187811446334936
2000	48000	-2.6795846621184545	0.9127221856446452
2000	50000	-4.46558511413858	0.8770823221678534
2000	52000	-6.542086461958547	0.8441480413497898
2000	54000	-5.484846364546897	0.8839346760079408
4000	4000	-54.4394739769684	0.719678166089734
4000	6000	27.300481867734106	1.2653894211172656
4000	8000	5.337940768201797	1.0920379694265292
4000	10000	15.86055003406171	1.3530376106924122
4000	12000	17.60072007421008	1.4703185077487804
4000	14000	8.72767297761515	1.2701227384170397
4000	16000	10.086406061247914	1.3487427711261353
4000	18000	2.859690697013452	1.108826136504299
4000	20000	5.13638625218837	1.2089710643585092
4000	22000	5.206939799492215	1.2291972480841926
4000	24000	3.090669581517375	1.1415347155373539
4000	26000	5.181559252850796	1.245503570074586
4000	28000	2.1787438769909038	1.1082586496196194
4000	30000	1.8218695450643239	1.0916648681235837
4000	32000	4.08847462526543	1.2082118822955772
4000	34000	3.0702584101308297	1.1588852964034912
4000	36000	-4.148642313985132	0.7874174590953475
4000	38000	3.8475808768194213	1.1948169922226108
4000	40000	-2.237873887372352	0.8899587071235914
4000	42000	0.3457586445921308	1.0159623829434403
4000	44000	1.0850576089616801	1.0481273677138494
4000	46000	5.371420867004371	1.213325336820235
4000	48000	7.983490469012484	1.2925233103341103
4000	50000	6.266715337881543	1.2041156697191535
4000	52000	4.85451488586142	1.1336231829693337
4000	54000	3.0854135380414505	1.0735037278925958
6000	6000	-81.7114739769684	0.5792481344249332
6000	8000	15.386481867734105	1.1495728000587184
6000	10000	20.0996407682018	1.3465625046887078
6000	12000	21.64855003406172	1.4818718368888157
6000	14000	10.916120074210085	1.2916956398409971
6000	16000	11.73647297761515	1.3632455327098285
6000	18000	3.410606061247911	1.117923490467925
6000	20000	7.3711906970134535	1.2805122266649913
6000	22000	5.458486252188369	1.22207552662538
6000	24000	3.3503397994922146	1.1474740810841422
6000	26000	5.268769581517375	1.2412790446482518
6000	28000	1.4744592528507994	1.0698602472422216
6000	30000	2.1099438769909042	1.1048400765727882
6000	32000	3.552369545064323	1.1787326028675995
6000	34000	2.387974625265432	1.121611294473501
6000	36000	-4.18504158986917	0.7834248833019349
6000	38000	2.803557686014866	1.1436584239756526
6000	40000	-2.8461191231805785	0.85589065315668
6000	42000	-0.19647388737234905	0.9903389370129818
6000	44000	0.20315864459213273	1.0093790744901703
6000	46000	4.993957608961679	1.2215053212002893
6000	48000	5.90542086700437	1.2345330829050314
6000	50000	3.3255904690124822	1.121853058707469
6000	52000	3.1597153378815435	1.1029163409441853
6000	54000	-1.6233851141385855	0.95531543496385
8000	8000	458.5965260230315	3.361422875872029
8000	10000	12.699481867734121	1.1234523316363318
8000	12000	4.449940768201799	1.076726874680476
8000	14000	-2.4565499659382866	0.9453200217735901
8000	16000	1.0562200742100885	1.0282238366988568
8000	18000	-5.465627022384847	0.8308380547438667
8000	20000	-2.237993938752087	0.9226201876838445
8000	22000	-0.23500930298654765	0.9910566710891832
8000	24000	-2.422513747811628	0.9014413536194568
8000	26000	-0.7287602005077858	0.9679216893412216
8000	28000	-3.2576304184826235	0.8508194478753026
8000	30000	-3.478740747149203	0.8351763955378522
8000	32000	-2.1006561230090988	0.8956214185642438
8000	34000	-2.9631304549356763	0.8509141540235454
8000	36000	-8.025925374734568	0.59126735944244
8000	38000	-2.174941589869171	0.8874471809843791
8000	40000	-7.269342313985131	0.6275081959697227
8000	42000	-4.763219123180578	0.7588209182382799
8000	44000	-3.8600738873723515	0.8101914841753357
8000	46000	-2.3231413554078664	0.8927492557980501
8000	48000	-1.5500423910383176	0.9312483876345131
8000	50000	-4.481079132995632	0.8220344785796802
8000	52000	-5.113509530987518	0.8126357460768014
8000	54000	-7.657984662118455	0.750568745550245
10000	10000	-18.018473976968437	0.907218580553789
10000	12000	32.67048186773411	1.3175914737515113
10000	14000	19.6346407682018	1.3385448706156053
10000	16000	17.076050034061716	1.3800932433706652
10000	18000	5.460320074210088	1.1459082116132373
10000	20000	8.134072977615148	1.2517507327363033
10000	22000	8.84400606124791	1.3057861405665376
10000	24000	5.120490697013455	1.194861360406614
10000	26000	7.543986252188372	1.3069229530692135
10000	28000	3.4036397994922183	1.149820221772014
10000	30000	1.9688695815173745	1.0901627912011869
10000	32000	4.241259252850799	1.2009519214923323
10000	34000	2.4492438769909057	1.1216994055668268
10000	36000	-4.586830454935676	0.7692199148418879
10000	38000	3.047674625265433	1.1552075354533446
10000	40000	-3.2021415898691714	0.8342897738009522
10000	42000	-0.7790423139851299	0.9600807247178378
10000	44000	0.2949808768194231	1.0149359530117672
10000	46000	4.840326112627647	1.2380097227026465
10000	48000	4.816158644592136	1.2223440246650312
10000	50000	3.3934576089616826	1.1505156784478405
10000	52000	2.1917208670043706	1.087043931902956
10000	54000	-0.5867095309875161	0.9785023587270256
12000	12000	-22.71347397696843	0.8830429059180366
12000	14000	30.372481867734137	1.2952524948030018
12000	16000	24.2370407682018	1.417900481493123
12000	18000	7.294250034061712	1.1623616203907101
12000	20000	11.590320074210084	1.3097113083242913
12000	22000	12.142672977615149	1.3758174813410873
12000	24000	7.686906061247917	1.2657788021726952
12000	26000	9.909090697013454	1.3770925498876052
12000	28000	4.356986252188371	1.177261601797817
12000	30000	4.430239799492217	1.1950087401616787
12000	32000	6.189569581517375	1.2834463364371114
12000	34000	4.036759252850796	1.1912626604744967
12000	36000	-3.256656123009094	0.8381814412076019
12000	38000	4.602969545064322	1.2315921013489997
12000	40000	-2.3179253747345676	0.8819560717555308
12000	42000	0.6106584101308279	1.0316014580970685
12000	44000	1.1481576860148692	1.0588332904549174
12000	46000	5.816780876819422	1.2945247393413393
12000	48000	6.933026112627651	1.340912488985358
12000	50000	3.455358644592131	1.1595209801824924
12000	52000	4.12935760896168	1.183156277074224
12000	54000	0.9000208670043683	1.0357442210083276
14000	14000	-29.551473976968424	0.847832413232355
14000	16000	-1.6195181322658811	0.9842565789976429
14000	18000	-7.5098592317982025	0.8705133263202871
14000	20000	0.7815500340617163	1.0173964052992595
14000	22000	3.9430200742100823	1.1053636049835989
14000	24000	2.6143729776151474	1.0809152210180408
14000	26000	4.9943060612479115	1.1726807472429046
14000	28000	0.7063906970134539	1.0268818479211186
14000	30000	0.4102862521883708	1.0166922716871105
14000	32000	2.493939799492214	1.1097773665420525
14000	34000	0.434669581517376	1.0199053421759172
14000	36000	-6.665440747149205	0.6841897545327819
14000	38000	1.2515438769909046	1.0621874151861603
14000	40000	-4.893330454935677	0.7537987875959815
14000	42000	-1.4834253747345656	0.9244542726008839
14000	44000	-1.080341589869171	0.9440925255160958
14000	46000	1.9095576860148675	1.0978485475907684
14000	48000	3.6735808768194254	1.1860067403443566
14000	50000	0.3878261126276499	1.0190702823271636
14000	52000	0.4701586445921322	1.0217054654931375
14000	54000	-1.3332423910383184	0.9408644791988562
16000	16000	-56.14747397696843	0.7108832667760246
16000	18000	-23.46111813226588	0.7719332358289029
16000	20000	-0.402059231798205	0.9930676047392031
16000	22000	6.154750034061713	1.1369976603439234
16000	24000	5.320120074210088	1.142161850412766
16000	26000	8.28547297761515	1.2564365845895098
16000	28000	3.3460060612479126	1.1156899116413395
16000	30000	2.746790697013452	1.1045297030389012
16000	32000	4.800286252188368	1.1952970197515695
16000	34000	3.2986397994922143	1.1451983686345555
16000	36000	-5.217930418482627	0.7610490937335765
16000	38000	3.451159252850797	1.1635167863813691
16000	40000	-3.413856123009097	0.8303703993040862
16000	42000	0.14906954506432157	1.0075002297648492
16000	44000	0.1228746252654318	1.0062575799920046
16000	46000	4.15245841013083	1.214888943262822
16000	48000	5.223557686014871	1.2676627873441317
16000	50000	2.26738087681942	1.1148057277512449
16000	52000	2.605526112627647	1.1281195797826848
16000	54000	0.2560586445921338	1.0118212695615447
18000	18000	-112.16767397696842	0.42242189761100285
18000	20000	-29.77051813226589	0.7105992263520857
18000	22000	-1.7997592317982054	0.9689681485156008
18000	24000	0.568050034061713	1.012644140735864
18000	26000	4.417220074210086	1.1180349636231393
18000	28000	-0.6149270223848475	0.9809679198980916
18000	30000	-0.9321939387520857	0.96776890644167
18000	32000	1.309590697013455	1.0498367519629959
18000	34000	-0.4494137478116329	0.9817158475615942
18000	36000	-7.641860200507784	0.6636232805358517
18000	38000	0.7926695815173765	1.0362996628323158
18000	40000	-5.931540747149203	0.7189621196231955
18000	42000	-2.7793561230090944	0.8618977917199939
18000	44000	-1.3932304549356793	0.9299015199724796
18000	46000	1.3638746252654315	1.0694574209136138
18000	48000	1.7664584101308307	1.091413891140882
18000	50000	-0.11124231398513018	0.994299780030842
18000	52000	-0.0744191231805793	0.9962318895414959
18000	54000	-1.8214738873723526	0.9104340317664551
20000	20000	-93.63947397696842	0.517828017906242
20000	22000	14.563481867734126	1.1415723737425205
20000	24000	17.86984076820179	1.308115794030206
20000	26000	17.412950034061716	1.3875922500751519
20000	28000	6.208120074210086	1.1658905861190327
20000	30000	4.801072977615149	1.1485939016482063
20000	32000	6.3127060612479085	1.2182651175984849
20000	34000	2.9794906970134534	1.1133851509343666
20000	36000	-7.277813747811628	0.7039061296382795
20000	38000	3.0523397994922163	1.1343568217035458
20000	40000	-5.216530418482623	0.7611132056020653
20000	42000	-1.3637407471492047	0.9353856231795263
20000	44000	-0.6685561230090968	0.9667804078137656
20000	46000	2.9353695450643222	1.1476890938603428
20000	48000	3.3500746252654316	1.1706077223145006
20000	50000	1.2736584101308281	1.0659115836447828
20000	52000	1.3628576860148662	1.0698348345934348
20000	54000	-0.4920191231805795	0.975087285033685
22000	22000	-33.948473976968415	0.825191211661875
22000	24000	71.85748186773412	1.6985303632446531
22000	26000	44.2498407682018	1.7629656582203919
22000	28000	16.948450034061715	1.3772530140578352
22000	30000	10.653920074210085	1.284689249635836
22000	32000	10.43617297761515	1.3230010600234043
22000	34000	3.6599060612479164	1.1265431685092224
22000	36000	-6.948109302986545	0.73558822559262
22000	38000	3.493286252188369	1.1421224398608523
22000	40000	-5.147260200507784	0.7734297075520783
22000	42000	-1.7153304184826261	0.9214478298539711
22000	44000	-1.3992407471492072	0.9337036243231294
22000	46000	3.2971438769909014	1.1638303370553187
22000	48000	3.0945695450643207	1.155699023575019
22000	50000	2.0417746252654325	1.1039805249915824
22000	52000	1.4357584101308305	1.074300228216856
22000	54000	0.38245768601486674	1.019597694987461
24000	24000	35.80852602303159	1.1843866398974834
24000	26000	62.1024818677341	1.6037014948187567
24000	28000	19.603640768201792	1.3380103616773986
24000	30000	11.510650034061712	1.2562138372764247
24000	32000	10.952620074210088	1.2926709763874824
24000	34000	1.755472977615156	1.0543321420436735
24000	36000	-8.373893938752087	0.7104682322342039
24000	38000	1.5916906970134548	1.0605721273446496
24000	40000	-6.981713747811629	0.7159527961307364
24000	42000	-2.917360200507783	0.8715846628970167
24000	44000	-3.071930418482623	0.8593234292884122
24000	46000	1.2495592528507977	1.059204429135076
24000	48000	1.3706438769909006	1.0681053228878696
24000	50000	0.6311695450643242	1.0317564302387527
24000	52000	-0.10932537473456705	0.9944324365093312
24000	54000	-0.3830415898691726	0.9801776696253283
26000	26000	13.04252602303157	1.0671590767968362
26000	28000	22.523481867734105	1.218951952693841
26000	30000	14.400440768201797	1.248295622732957
26000	32000	13.637050034061716	1.3035450567968174
26000	34000	5.350520074210088	1.1429741855090163
26000	36000	-8.49162702238485	0.7371829179684147
26000	38000	5.662006061247915	1.1957668243715611
26000	40000	-5.221409302986544	0.8012981606209849
26000	42000	-1.167313747811633	0.9525084788519188
26000	44000	-0.17546020050778566	0.992276654493181
26000	46000	3.821269581517374	1.1749919520501046
26000	48000	3.2467592528507936	1.1538322633884812
26000	50000	2.6946438769909022	1.1338929786146814
26000	52000	2.25796954506432	1.1136066416698798
26000	54000	4.7462526543284866E-4	1.000024171024394
28000	28000	-5.861473976968426	0.9698178726830419
28000	30000	4.076481867734117	1.0396276947899448
28000	32000	7.108540768201799	1.122567050910045
28000	34000	-0.9806499659382908	0.9781718590996563
28000	36000	-14.026479925789914	0.6251907262969292
28000	38000	1.5086729776151486	1.0466936464203485
28000	40000	-8.815493938752088	0.6951996809985966
28000	42000	-3.8517093029865457	0.8534223848685966
28000	44000	-2.6705137478116328	0.891351609309665
28000	46000	1.8030397994922147	1.0793655728975762
28000	48000	1.4578695815173717	1.066761959202808
28000	50000	0.1235592528507965	1.005854268225135
28000	52000	0.19904387699090265	1.0098902039682833
28000	54000	-1.3719304549356757	0.9309732002672196
30000	30000	-38.543473976968414	0.8015304608735296
30000	32000	-4.016718132265879	0.9609532716280315
30000	34000	-3.993759231798208	0.931138709469609
30000	36000	-18.556149965938285	0.5869614336478786
30000	38000	0.28112007421008656	1.0075119638993888
30000	40000	-11.104127022384848	0.6563256658779099
30000	42000	-5.070593938752086	0.824681559445664
30000	44000	-3.293309302986547	0.8746724154007324
30000	46000	1.271686252188367	1.0517378593824918
30000	48000	1.2197397994922135	1.0536900782777714
30000	50000	-0.19453041848262487	0.9910916367094202
30000	52000	-0.857940747149204	0.9593505533644714
30000	54000	-1.5692561230090973	0.9220259202660774
32000	32000	-63.31647397696844	0.6739683761554263
32000	34000	-15.568618132265883	0.8486566437275587
32000	36000	-24.287159231798206	0.5812353647403778
32000	38000	1.7784500340617129	1.0395862532770055
32000	40000	-11.431279925789916	0.6945384908294785
32000	42000	-3.629927022384848	0.8876532347103891
32000	44000	-1.7870939387520863	0.9382102912892232
32000	46000	3.721990697013453	1.1416411460455969
32000	48000	4.25668625218837	1.1731809511757518
32000	50000	2.122339799492213	1.0934204082003425
32000	52000	1.789869581517376	1.0819656308729877
32000	54000	-0.4162407471492031	0.9802784095580069
34000	34000	-129.08527397696844	0.3353091408020986
34000	36000	-46.223618132265884	0.5506577752912848
34000	38000	-4.013459231798208	0.9307990376604904
34000	40000	-17.316449965938286	0.6145557305061511
34000	42000	-7.854479925789914	0.7901161280751715
34000	44000	-4.25712702238485	0.8682413041797997
34000	46000	0.505006061247915	1.0174608490046555
34000	48000	2.5235906970134536	1.0960357796600102
34000	50000	-0.5316137478116296	0.9783715855363327
34000	52000	0.2970397994922145	1.013074993611744
34000	54000	-1.674230418482626	0.9233299711360325
36000	36000	122.84652602303157	1.6325660582034727
36000	38000	-36.359618132265894	0.6465462384540772
36000	40000	-35.601159231798206	0.3861568445187037
36000	42000	-21.610149965938284	0.5189829044834321
36000	44000	-15.948079925789916	0.5738425973181427
36000	46000	-11.135627022384849	0.6553507363311726
36000	48000	-8.277793938752087	0.7137909400551772
36000	50000	-7.744409302986547	0.7052848600612093
36000	52000	-8.038613747811631	0.6729533979008213
36000	54000	-8.181760200507783	0.6398581518795299
38000	38000	-69.58247397696842	0.641703247876912
38000	40000	-40.94811813226589	0.6019411884517989
38000	42000	-19.911959231798207	0.6566735423675537
38000	44000	-10.921749965938282	0.7568944012487465
38000	46000	-2.727279925789915	0.927122855229644
38000	48000	0.4729729776151501	1.0146385819265165
38000	50000	-1.5172939387520863	0.947538767564963
38000	52000	-0.4334093029865471	0.9835065169746134
38000	54000	-0.987913747811632	0.9598072696953731
40000	40000	-15.70747397696843	0.9191184706673617
40000	42000	-48.640218132265886	0.5271658795006111
40000	44000	-24.74575923179821	0.5733280808996795
40000	46000	-14.441149965938287	0.6785566031016106
40000	48000	-9.493779925789916	0.7463114924408434
40000	50000	-10.87162702238485	0.6635215744371605
40000	52000	-7.6399939387520845	0.7358432090272565
40000	54000	-8.261609302986546	0.6856027042746395
42000	42000	-96.09227397696841	0.5051979657770463
42000	44000	-50.817618132265885	0.50599925949953
42000	46000	-18.150059231798203	0.6870526165038953
42000	48000	-9.97604996593828	0.7779445960852943
42000	50000	-9.836179925789917	0.737162033988337
42000	52000	-6.615927022384849	0.7952361037085719
42000	54000	-6.382893938752087	0.7793080997842347
44000	44000	-98.75447397696841	0.4914896631113807
44000	46000	-30.461618132265897	0.7038810068780584
44000	48000	-15.527159231798208	0.7322772453433356
44000	50000	-13.657849965938286	0.69599196063092
44000	52000	-7.350379925789916	0.803586461036353
44000	54000	-7.7101270223848495	0.7613704557707994
46000	46000	-64.9334739769684	0.6656420575428573
46000	48000	-14.44171813226589	0.8596112979386445
46000	50000	-10.778659231798208	0.8141519451199505
46000	52000	-3.1354499659382853	0.9302084882275053
46000	54000	-3.6120799257899137	0.9034796284808773
48000	48000	-83.59247397696842	0.5695624168552099
48000	50000	-20.38791813226588	0.8018079747777973
48000	52000	-5.7561592317982075	0.9007510142213608
48000	54000	-4.084649965938283	0.9090803874145085
50000	50000	-20.303473976968405	0.8954525706405422
50000	52000	-8.05341813226589	0.9217122984681323
50000	54000	-6.890659231798203	0.8811897113053729
52000	52000	-7.6274739769684174	0.9607243175378366
52000	54000	26.25748186773413	1.2552503632220111
54000	54000	165.22652602303157	1.8507907847345029
