60000	60000	65259.34051386791	11.411244426414193
60000	62000	2425.199221978588	4.535065698241768
60000	64000	211.1406699000645	3.406399238073776
60000	66000	162.20083020271431	6.9376879598570635
60000	86000	1.3173320366065493	1.0829420053257615
60000	130000	52.39810519290288	6.375049557364619
62000	62000	-3869.8794861320853	0.38261311080326627
62000	64000	-253.3377780214118	0.6307248983769519
62000	66000	35.4936699000645	1.4045262347816925
62000	86000	-5.710808909347751	0.5190573315348441
62000	88000	-4.975567963393452	0.6867277398175617
62000	90000	-2.2571665214400967	0.5414124102672697
62000	92000	-2.2472240535943224	0.5487777393887259
62000	98000	10.200365963621405	2.101916241763767
62000	100000	13.714654409962392	7.926083859168108
62000	104000	-21.6693235283081	0.1759577226501963
62000	122000	15.061835325933185	1.753322860360721
62000	124000	9.893997085803719	1.3004864216204317
62000	126000	68.66606575519128	3.3857515037536845
62000	128000	48.207761353956585	2.7645374743895466
62000	130000	36.27848901005518	3.393559462479878
62000	132000	24.789005192902884	3.5428807186651676
62000	150000	34.98402211450975	3.575123225087035
62000	156000	25.57537736304908	3.9652189817547083
62000	158000	6.427076117120926	1.6548869448273094
64000	64000	-3713.429486132085	0.40757259059093537
64000	66000	-352.1407780214118	0.4867057625393497
64000	86000	-1.1644920203172928	0.6669703810230921
64000	90000	-12.949927963393453	0.18464520389644945
64000	96000	45.74802819318054	3.5895689081111652
64000	98000	6.860536023099623	1.4693222690889638
64000	100000	8.066265963621404	1.871375547446053
64000	102000	7.503004409962392	4.789117551613913
64000	104000	-33.70949788808994	0.13140553547199885
64000	122000	10.069853908029156	2.0789576848292612
64000	124000	-1.0213646740668167	0.9489160954764496
64000	126000	31.680897085803714	1.9621671925391526
64000	128000	49.99426575519129	2.7370136674168144
64000	130000	21.375661353956588	1.7824083599729554
64000	132000	22.976489010055182	2.5159284243988105
64000	150000	6.571345239520616	1.4398268591425412
64000	160000	3.286976117120929	1.3349264436634578
66000	66000	-3681.609486132085	0.4126490408743718
66000	88000	0.3866679796827075	1.1105820286421677
66000	90000	-4.590988909347751	0.6133643250886106
66000	100000	7.319936023099622	1.500749354333253
66000	106000	-18.96194788808994	0.511406457997628
66000	122000	112.06841801719386	11.770028836673653
66000	124000	14.696153908029157	2.574653251310677
66000	126000	34.633635325933184	2.7322131509099883
66000	128000	8.249397085803722	1.2505389671476554
66000	130000	12.395965755191295	1.4306886322330326
66000	132000	69.22686135395658	3.5338947020695937
66000	142000	32.42013783754227	6.890969353007986
66000	150000	7.757174725549743	2.310903706556802
66000	152000	-5.166914760479383	0.6541731095040342
66000	158000	16.952104580189012	3.9478355820740356
70000	70000	-5031.949486132085	0.1972205721208974
70000	72000	-388.19177802141184	0.4341564081059682
70000	74000	-42.23023009993548	0.518696262618356
70000	76000	21.2704302027143	1.7786469228165718
70000	86000	1.391989065560293	1.186270832391235
70000	102000	-5.284871806819465	0.7008496266439521
70000	104000	-7.973883976900379	0.45451473341288273
70000	110000	192.42375211191006	5.958193280807238
70000	112000	89.8236264716919	4.415818016693312
70000	128000	-3.1754460919708416	0.6597595163757899
70000	130000	-9.292764674066815	0.5352191872079608
70000	150000	12.261377546444908	7.621964171423404
70000	152000	74.39883366467757	5.776054851486064
70000	154000	10.758174725549743	2.818049950203927
70000	156000	34.453145239520616	3.305984255270325
70000	160000	13.6134469041705	4.885833523425419
72000	72000	-4505.8694861320855	0.2811495150847641
72000	74000	-382.3997780214118	0.44259905493624047
72000	76000	-60.63253009993549	0.3089627199533408
72000	86000	-3.540104415136267	0.486565943443398
72000	88000	-3.022000934439707	0.595607003336197
72000	90000	7.684989574942087	2.598937416708678
72000	94000	19.535737979682704	6.586967761302249
72000	96000	172.86980109065226	15.558439050112558
72000	100000	3.5493834785599034	1.7211267751000785
72000	102000	8.801795946405678	2.7673210012254885
72000	104000	91.78972819318054	6.195761120223919
72000	106000	8.192036023099622	1.5604088254728805
72000	124000	-1.1599207752352356	0.922772451092597
72000	132000	35.56453532593318	2.7787724337287534
72000	154000	2.988533664677565	1.1918497912526993
72000	158000	-6.176154760479383	0.5866236438860323
72000	160000	5.472122114509746	1.4027949874220427
74000	74000	-5558.211486132085	0.11326259352058864
74000	76000	39.04422197858821	1.05691239242541
74000	86000	24.119621007923325	7.381731730349039
74000	88000	3.822345584863733	1.5543685069871764
74000	90000	2.706269065560293	1.3621429248179182
74000	94000	5.10929449805965	3.5729855578507688
74000	104000	4.014855946405676	1.8061467539332512
74000	106000	37.851328193180535	3.142575898700331
74000	132000	58.432753908029156	7.26091197058333
74000	158000	4.754374725549744	1.8034532765589402
76000	76000	-2608.669486132085	0.5838220945233439
76000	86000	41.37479513342228	5.305701162352399
76000	88000	47.33512100792333	13.524245036725164
76000	90000	14.729245584863733	3.136235382866216
76000	92000	14.72396906556029	2.970307125107164
76000	94000	32.63838957494209	7.7907369038796155
76000	100000	-0.8681989093477505	0.9268835804439592
76000	102000	2.0421320366065476	1.1285769430556383
76000	106000	24.70569594640568	5.960680247740174
76000	128000	2.663679224764765	1.1773478171924594
76000	140000	77.5872657551913	3.695711978133685
76000	142000	86.11666135395657	4.152108122438232
76000	144000	59.67468901005519	4.93717931612236
84000	84000	31006.940513867914	5.94673764802393
84000	86000	-477.28377802141176	0.3042924075184997
84000	88000	-78.92499009993548	0.10048103886684162
84000	90000	-18.9425497972857	0.3065698263087314
84000	92000	1.5846859140105902	1.1022053979288122
86000	86000	-5811.730486132085	0.07281706871208701
86000	88000	-431.8307780214118	0.37054648665806555
86000	90000	21.30166990006451	1.242778059961051
86000	92000	91.28283020271431	4.341591785682878
86000	94000	70.10338591401059	5.5213656473825665
86000	100000	-2.852064415136267	0.5863548555338924
86000	102000	1.2193690655602927	1.1631714619414875
86000	104000	-0.12796042505791227	0.9733765791758301
86000	106000	5.24511449805965	3.6413830437659
86000	112000	4.509832036606545	1.2839485432708944
86000	122000	-4.737964036378597	0.48817135157720803
86000	128000	-24.0774135283081	0.08438273808406642
86000	130000	2.524339293267831	1.8043983355820912
86000	138000	-13.961847775235237	0.07041988994375452
86000	140000	-0.5961164974533086	0.8470620295385077
86000	146000	-6.217164674066815	0.6890463762050548
86000	150000	-26.230804244808706	0.08863017003431978
86000	152000	-25.473698646043417	0.06759213434081769
86000	154000	-9.25844098994482	0.38915236979269435
86000	158000	0.6929661511837758	1.9030476901573898
86000	160000	2.551113849399367	5.8575421238388845
88000	88000	-5522.951486132085	0.11888784924007224
88000	90000	-381.67677802141185	0.44365292815072366
88000	92000	93.01166990006453	2.060066787158642
88000	94000	96.71183020271431	4.540331261268649
88000	100000	-1.922588992076675	0.4913084591534432
88000	102000	7.562245584863733	2.096779634722832
88000	104000	-5.842900934439707	0.21812459051211797
88000	110000	0.7602379796827075	1.2174182049238265
88000	128000	-33.04418788808994	0.14854861440819683
88000	138000	-31.604524246327156	0.11085989857523307
88000	140000	-2.080120775235235	0.8615055162968303
88000	152000	-26.346914244808705	0.08459601423910594
88000	154000	-19.469488646043416	0.287362836226665
88000	160000	3.3112161511837757	5.3150536167319204
90000	90000	-5156.299486132085	0.17738221282657557
90000	92000	-360.68677802141184	0.47424877707465585
90000	94000	76.8386699000645	1.8757408830313707
90000	100000	-4.505744866577724	0.5311060551061058
90000	102000	1.7723710079233252	1.4689458551400696
90000	104000	0.4675055848637326	1.0678040138796905
90000	106000	6.200769065560292	1.829764000224258
90000	110000	2.060494498059649	2.037642787580915
90000	112000	22.354637979682707	7.393136611371497
90000	124000	-6.29389397690038	0.5694411351097782
90000	128000	2.1533344099623912	2.087462669813836
90000	130000	-34.00332788808994	0.12383440188942375
90000	140000	-27.319194246327157	0.2314204462088965
90000	142000	2.4129792247647632	1.1606562060717263
90000	144000	7.630833502546693	2.957745161885009
90000	150000	-16.783614674066815	0.16056175493494654
90000	158000	-8.15162098994482	0.4621774476433098
92000	92000	-5059.919486132085	0.1927583372237347
92000	94000	-248.55577802141175	0.6376953295134095
92000	98000	-20.841179797285697	0.23706665251403422
92000	100000	-5.131514085989409	0.6690395020875117
92000	102000	1.684495133422276	1.1752983339389247
92000	104000	2.2850810079233246	1.6046021191581654
92000	110000	3.3961895749420883	1.7066105337757427
92000	124000	-14.751971806819466	0.16496406439727898
92000	128000	-3.635854036378597	0.6072291298511857
92000	130000	2.9509944099623917	2.4902916355288522
92000	132000	-16.02294788808994	0.587135830761431
92000	138000	-1.648854282508681	0.4497370494704392
92000	142000	-26.54820424632716	0.2531109523356308
92000	152000	-17.618384674066817	0.11881044704084313
92000	156000	-17.449534244808707	0.39372888039378523
92000	158000	-21.903718646043416	0.19826328180541955
92000	160000	-11.17925098994482	0.2624223687209385
94000	94000	-5067.899486132085	0.1914852362412764
94000	100000	-15.642169797285698	0.42738688109483647
94000	102000	-4.05411408598941	0.7385271492956675
94000	104000	0.5710951334222756	1.059431472031719
94000	124000	2.7297559464056773	1.548110299497797
94000	128000	-7.053273976900379	0.5174927241546008
94000	130000	0.6408759636214025	1.0692319898902638
94000	138000	-1.3513207067321689	0.5693922246379892
94000	140000	2.742895717491319	1.9153713014623075
94000	142000	-27.681248868058084	0.30466679506469135
94000	150000	-5.988521982806133	0.4244894718333502
94000	152000	3.073153908029159	1.3292801520275577
94000	158000	-23.889564244808703	0.16997481661072558
94000	160000	-21.977878646043415	0.19554882057707235
96000	96000	-2567.8994861320853	0.5903263961592867
96000	98000	-130.65977802141174	0.8095451725213136
96000	104000	17.060685914010584	2.100340564249047
96000	130000	90.66703602309963	7.2024394208641915
96000	158000	160.0993970858037	5.862311411323182
98000	98000	-5893.071486132085	0.059840213196530656
98000	100000	-597.8274780214118	0.12858317293384972
98000	102000	-46.49513009993549	0.4700886110687114
98000	106000	18.742885914010586	2.2088351996059807
98000	124000	66.97553203660655	5.216920852533008
98000	138000	-29.53716788808994	0.23891418938952133
98000	146000	156.7729511319419	4.93802458398211
98000	150000	78.97517922476476	6.258169045911377
98000	158000	45.24863532593319	3.2631260170837932
98000	160000	52.68969708580372	2.600216615819988
100000	100000	-5176.209486132086	0.17420584182898854
100000	102000	175.92522197858818	1.2564355175591289
100000	104000	-84.6974900999355	0.03469106288374169
100000	106000	-18.0469797972857	0.33935396927250894
100000	110000	-1.5112448665777238	0.8427310937095971
100000	128000	44.2272034785599	9.985622660623038
100000	130000	4.6574459464056766	1.9351730127891216
100000	132000	4.827628193180537	1.273268080892823
100000	140000	-30.474707888089938	0.2147565452449225
100000	142000	8.932326471691901	1.3396790231199078
100000	150000	122.14795575367286	4.436427168501677
100000	156000	11.869218017193868	2.1406587384354094
102000	102000	-4796.229486132085	0.23482650740724675
102000	104000	-623.3926780214118	0.09131833268086684
102000	122000	16.68985449805965	9.404830569552507
102000	126000	8.918201090652248	1.7510570741434652
102000	128000	68.83673203660655	5.334105932696979
102000	130000	26.3548034785599	6.354494535654185
102000	138000	-5.131254036378597	0.4456853623226213
102000	142000	-10.00224788808994	0.7422715349461976
102000	144000	49.5185264716919	2.8830933633637774
102000	150000	125.13395113194191	4.143275496763938
102000	152000	-28.102864246327158	0.20937320962173217
102000	156000	32.44453350254669	9.323878180939017
102000	158000	-4.587281982806133	0.5591518100202355
104000	104000	-4493.969486132085	0.2830479990059738
104000	106000	1086.9692219785884	2.584409056723248
104000	110000	7.6094302027143	1.2785585131689008
104000	112000	30.04738591401059	2.9379266307036227
104000	122000	5.191589574942087	2.080161104009326
104000	124000	2.952874498059649	2.487035722943488
104000	128000	-9.401098909347752	0.20827510292530943
104000	130000	-11.629477963393452	0.26778352277809425
104000	140000	-1.985684036378598	0.7854922560131564
104000	152000	-27.973348868058082	0.2973294516475028
104000	154000	250.27595575367286	8.041092817869645
104000	156000	43.01487922476476	3.8639315373956102
104000	158000	2.2961435025466916	1.58909211314914
106000	106000	-1765.3294861320855	0.7183655760454457
106000	110000	-44.24693009993549	0.4957116555044334
106000	128000	3.995627979682707	2.142697794772895
106000	138000	-10.884331806819464	0.3838919764260653
106000	140000	7.82073602309962	1.5350085713344288
106000	142000	38.491765963621404	5.158154936867169
106000	152000	33.66371571749132	12.23440423632317
106000	154000	162.56995113194193	5.0836410844594875
106000	156000	24.71095575367284	1.695201153286684
106000	158000	-5.428140775235235	0.6385942763110417
110000	110000	-2331.889486132085	0.6279785970201867
110000	112000	1042.8992219785882	2.5201708927366973
110000	126000	22.582869065560292	4.02195607903788
110000	150000	-23.79424788808994	0.38689232121418954
110000	152000	133.2396264716919	6.066844153558252
110000	154000	32.24682929326783	11.275677235814559
110000	158000	-31.43183886805808	0.2104546524865566
112000	112000	63032.84051386791	11.056036489391213
112000	152000	308.0907521119101	8.938591157456033
122000	122000	-5503.791486132085	0.12194456788968387
122000	124000	864.5592219785882	2.2602154998308346
122000	126000	-45.07333009993548	0.48629306110816944
122000	128000	9.430630202714305	1.345227205918358
122000	130000	32.69738591401059	3.108840186580375
122000	132000	141.07769513342225	15.681363229936313
122000	158000	49.660865963621404	6.364720734582355
124000	124000	-4140.269486132085	0.339476046311174
124000	126000	42.39322197858826	1.0617940264438115
124000	128000	-69.72593009993548	0.20532399018205955
124000	130000	11.974430202714302	1.438348126528983
124000	132000	21.402585914010587	2.3803743635929235
124000	156000	55.32862819318053	4.131879142254722
124000	158000	31.48733602309962	3.154016528762595
126000	126000	-4134.209486132086	0.34044283728281516
126000	128000	-338.93677802141184	0.5059524318672011
126000	130000	108.83266990006453	2.2403808989002836
126000	140000	24.046545584863733	4.487556862170857
126000	160000	14.15283602309962	1.968181071280804
128000	128000	-5721.094486132085	0.08727681566021853
128000	130000	-343.7987780214118	0.49886538958667903
128000	132000	2.6196699000645083	1.0298567379487038
128000	138000	-7.5237348665777235	0.21703651085666498
128000	142000	49.84104558486373	8.228625830425988
128000	146000	9.471789574942088	2.97069867263681
128000	150000	1.6848979796827068	1.481858975758205
128000	152000	-8.152858909347751	0.31339714185438156
128000	154000	-9.771727963393452	0.3847513836606536
128000	158000	14.86249594640568	3.9842547335396734
128000	160000	-11.395441806819465	0.354960575076138
130000	130000	-5548.185486132085	0.11486210610832381
130000	132000	-338.4217780214118	0.5067031161071166
130000	156000	15.501032036606551	1.9759776927971422
130000	158000	14.921603478559904	4.031616014672453
130000	160000	5.919095946405678	2.188500919363311
132000	132000	-185.53948613208559	0.9703996864561951
132000	158000	53.752232036606536	4.384353976038136
138000	138000	-6067.045486132085	0.03208501641430029
138000	140000	-553.9367780214118	0.19255998219376538
138000	142000	1.947569900064508	1.022196721862391
138000	144000	6.538730202714298	1.2393633839536335
138000	146000	23.04228591401059	2.486127932487683
138000	152000	-3.5215944151362675	0.4892505152165434
140000	140000	-5606.096486132085	0.10562318994351906
140000	142000	469.3092219785882	1.6840835661869955
140000	144000	363.76266990006457	5.145853151368307
140000	146000	15.627730202714297	1.572084528473631
140000	154000	11.36914558486373	2.6489080130690086
140000	158000	12.339589574942087	3.5673725755642187
142000	142000	-4899.079486132085	0.21841818208821984
142000	144000	-84.16077802141183	0.8773239423695233
142000	146000	95.1356699000645	2.0842743071219343
142000	158000	10.806669065560293	2.446108516239156
144000	144000	-5474.461486132085	0.12662377237784198
144000	160000	45.08106906556029	7.03258205663322
146000	146000	-5810.498486132085	0.0730136176356946
150000	150000	-4199.1194861320855	0.33008732540670405
150000	154000	-73.73633009993549	0.1596169101157756
152000	152000	-5068.079486132085	0.19145651967776234
152000	154000	-81.47177802141175	0.8812435344493925
152000	158000	-22.567519797285698	0.17387050105285567
152000	160000	-5.231814085989409	0.6625705852367801
154000	154000	-2715.3194861320853	0.5668075306412415
154000	156000	1759.7692219785881	3.565108778305981
154000	158000	-64.4883300999355	0.2650176373382456
156000	156000	-885.8294861320855	0.8586778961046017
156000	158000	461.62922197858813	1.6728888963567998
156000	160000	213.65566990006448	3.435063038783607
158000	158000	-5482.242486132085	0.12538241915171316
158000	160000	58.82922197858829	1.0857517859918702
160000	160000	-5245.289486132086	0.16318506289813406
