0	0	-5.708362601944032	0.9606781818297421
0	2000	13.275929796117808	1.1151124747661076
0	4000	-4.403159299715796	0.9409060422479215
0	6000	-9.60899466860397	0.8352256830089613
0	8000	-10.524011356854054	0.7882437779666359
0	10000	-7.737143002729283	0.8206771528712145
0	12000	-7.3589702797298955	0.8086679259376625
0	14000	-7.195025247743647	0.7973958574694068
0	16000	-5.494710507889543	0.8313720281859812
0	18000	-4.231957892142791	0.859746607213811
0	20000	-5.1019772155827035	0.8217249873342867
0	22000	-3.182556492259973	0.8860342678169343
0	24000	-0.6129609490254708	0.9773177038465634
0	26000	-2.62391809644911	0.9021726154328803
0	28000	-2.3320351940262967	0.9125787373829433
0	30000	-2.7751459718933305	0.8955327495008025
0	32000	-1.445052791978803	0.9465469419957795
0	34000	-0.43266387021600394	0.9840176552503872
0	36000	4.315296903937632	1.1505019212691618
0	38000	1.2066840252306896	1.041767912925418
0	40000	0.8732210922379338	1.0291368184132188
0	42000	-0.46931804578103	0.9852343357331558
0	44000	-0.05747267224838026	0.9983511715880404
0	46000	-0.4588017195330778	0.9884266654987678
0	48000	-1.7932329316185616	0.9607413811038128
0	50000	1.2514617834979802	1.023161733701839
0	52000	0.5163040815140221	1.0081266525428534
0	54000	4.7806288833385224E-5	1.000000487295917
2000	2000	236.7436373980559	2.630798691653096
2000	4000	24.465929796117805	1.212138341309136
2000	6000	11.608840700284205	1.1558000279339162
2000	8000	-2.709794668603969	0.9535326450784629
2000	10000	0.34978864314594915	1.0070381833571969
2000	12000	0.8557569972707171	1.0198337785855625
2000	14000	1.3913297202701003	1.0361743546943123
2000	16000	0.32507475225635574	1.009153754041363
2000	18000	1.7694894921104591	1.0543041209855133
2000	20000	0.7456421078572113	1.0247116909233391
2000	22000	0.7860227844172982	1.0274654738597317
2000	24000	-0.21945649225997244	0.9921413744316682
2000	26000	-0.8903609490254709	0.9670526633689165
2000	28000	-1.5061180964491108	0.9438474873037321
2000	30000	-0.483235194026296	0.9818849085506979
2000	32000	0.1968540281066673	1.0074103485994161
2000	34000	-0.032652791978804885	0.9987921606786057
2000	36000	0.27963612978399865	1.0103295914873225
2000	38000	0.6905969039376316	1.024085517909627
2000	40000	0.7657840252306869	1.0265066909122267
2000	42000	0.39262109223793473	1.0131006105686453
2000	44000	0.8951819542189696	1.0281641763246878
2000	46000	0.49232732775162447	1.014124335170511
2000	48000	0.9636982804669216	1.024309417518
2000	50000	2.932667068381434	1.0642038503514806
2000	52000	-0.9216382165020107	0.9829425562797527
2000	54000	-0.5162959184859872	0.9918734759436239
4000	4000	-30.886362601944057	0.787240576875638
4000	6000	23.000929796117802	1.199435669773342
4000	8000	6.161340700284214	1.0826901736356114
4000	10000	5.206605331396027	1.089282476149747
4000	12000	5.481388643145948	1.1102923696308273
4000	14000	5.477156997270718	1.1269434191116114
4000	16000	3.614629720270102	1.0939798062850759
4000	18000	4.761874752256354	1.1340892516425194
4000	20000	3.6205894921104615	1.1111127987451035
4000	22000	0.36264210785720863	1.0120185000159243
4000	24000	-0.471077215582703	0.9835394606784925
4000	26000	-1.1711564922599713	0.958061480615988
4000	28000	-1.9247609490254725	0.9287752377377775
4000	30000	-1.0140180964491137	0.962194422755196
4000	32000	-0.8313351940262983	0.9688356451455187
4000	34000	-1.2865459718933323	0.9515694231273828
4000	36000	-0.7789527919788028	0.9711862369296724
4000	38000	-0.0226638702160038	0.9991628101810954
4000	40000	-0.6820030960623633	0.9762142029728607
4000	42000	-0.32821597476931075	0.988639199684213
4000	44000	-0.6000789077620645	0.9799771325675883
4000	46000	1.8480819542189693	1.0581442753350734
4000	48000	2.5563273277516245	1.0733382486558127
4000	50000	3.9232982804669163	1.0989657218245867
4000	52000	2.716267068381434	1.0594662811381679
4000	54000	-0.3298382165020186	0.9938954388891081
6000	6000	-29.333362601944046	0.7979383527312948
6000	8000	19.929929796117804	1.1728077487587183
6000	10000	7.162540700284211	1.0961270871048105
6000	12000	9.920005331396027	1.1701075044165592
6000	14000	9.231888643145943	1.1857571029731084
6000	16000	6.580856997270715	1.1525237433096034
6000	18000	6.864329720270099	1.1784714970305914
6000	20000	4.1640747522563615	1.1172558490852775
6000	22000	0.28178949211045534	1.0086478788035989
6000	24000	-2.5599578921427906	0.915159179530255
6000	26000	-1.7582772155827016	0.9385616831215031
6000	28000	-2.7486564922599754	0.901572006523064
6000	30000	-2.15146094902547	0.9203863239804504
6000	32000	-2.4009180964491144	0.9104867113598796
6000	34000	-2.5871351940262954	0.9030157753184181
6000	36000	-1.719145971893333	0.9352846824241322
6000	38000	-2.0392527919788037	0.9245672556878389
6000	40000	-2.2606638702160033	0.9164924279007903
6000	42000	-0.9596030960623629	0.966532520744647
6000	44000	-1.0886159747693114	0.9623188703151256
6000	46000	0.3650210922379351	1.012179679781067
6000	48000	1.141581954218971	1.035916402577347
6000	50000	0.9345273277516242	1.0268105718677978
6000	52000	0.7732982804669177	1.0195065521510673
6000	54000	-3.8556329316185654	0.9155899820948641
8000	8000	117.46363739805594	1.8091433767382687
8000	10000	-1.7400702038821976	0.9849122592156053
8000	12000	5.069440700284204	1.068035992835553
8000	14000	8.21930533139603	1.1409440288843813
8000	16000	6.3676886431459465	1.1281258300124468
8000	18000	3.918256997270717	1.090812978419168
8000	20000	1.7622297202701063	1.0458176965712584
8000	22000	0.7906747522563506	1.0222645473345247
8000	24000	-0.22981050788954605	0.9929473118208284
8000	26000	-1.2269578921427922	0.9593367865265586
8000	28000	-1.6636772155827018	0.9418672283024317
8000	30000	-2.106456492259973	0.9245688624739203
8000	32000	-1.0530609490254719	0.9610320358068647
8000	34000	-2.116818096449112	0.9210787950049942
8000	36000	-0.35423519402629466	0.9867207458941858
8000	38000	0.4276540281066694	1.0160985551512198
8000	40000	-0.6504527919788039	0.9759395013028976
8000	42000	-0.10336387021600402	0.9961818004179049
8000	44000	-1.6356030960623684	0.9429560899583623
8000	46000	0.48058402523069077	1.0166348367090918
8000	48000	-0.3993789077620633	0.9866739010120452
8000	50000	0.2384819542189689	1.0075031090352344
8000	52000	-0.37457267224837665	0.9892539177284525
8000	54000	-5.201401719533081	0.8687939486436462
10000	10000	-38.64736260194405	0.7337792514308529
10000	12000	11.445929796117824	1.0992449738033068
10000	14000	16.462440700284205	1.2209392640646646
10000	16000	8.356705331396029	1.1433001537377483
10000	18000	4.386988643145941	1.0882716779444408
10000	20000	1.639356997270717	1.037995182990334
10000	22000	-0.04607027972989641	0.9988021799466114
10000	24000	-1.8225252477436413	0.9486796567982503
10000	26000	-2.032310507889541	0.9376301265463098
10000	28000	-2.1883578921427933	0.9274745574446035
10000	30000	-2.035177215582703	0.9288861497113646
10000	32000	-1.7280564922599737	0.9381191743577632
10000	34000	-2.485960949025472	0.9080083281629561
10000	36000	0.8287819035508903	1.03089942712414
10000	38000	-0.10053519402629618	0.9962312260030451
10000	40000	-2.132645971893332	0.9197189397500821
10000	42000	-0.8609527919788071	0.968153025423023
10000	44000	-0.7024638702160004	0.9740514045179358
10000	46000	-0.015503096062364108	0.9994593081785688
10000	48000	-0.04751597476931124	0.9983552918119127
10000	50000	1.2795210922379319	1.0426938538839847
10000	52000	-0.08961804578103028	0.9971804408798063
10000	54000	-3.551172672248377	0.8981207212277695
12000	12000	35.77563739805595	1.2464389890390537
12000	14000	39.62992979611779	1.3436218301615477
12000	16000	16.600940700284212	1.222798046041776
12000	18000	9.688605331396033	1.1661394746416747
12000	20000	2.0781886431459426	1.0418157450446517
12000	22000	-1.5734430027292774	0.9635324978555068
12000	24000	-5.0964702797299	0.8674925713854664
12000	26000	-3.5641252477436467	0.8996380811982291
12000	28000	-3.4263105078895393	0.894849457324297
12000	30000	-1.868557892142789	0.9380732061448419
12000	32000	-2.8243772155827003	0.9013096565106375
12000	34000	-1.0194564922599731	0.9634937805969047
12000	36000	-0.7601609490254724	0.9718706455974297
12000	38000	0.47828190355089006	1.0178317561716141
12000	40000	-1.3141351940262957	0.9507368678630697
12000	42000	0.9266540281066682	1.0348828492125282
12000	44000	-0.42215279197880307	0.9843844060220206
12000	46000	0.20753612978399616	1.0076662605836542
12000	48000	-0.5044030960623651	0.9824082475107958
12000	50000	-0.7590159747693122	0.9737275769958873
12000	52000	0.7901210922379356	1.026364015933227
12000	54000	-3.5645180457810284	0.8878532858255628
14000	14000	-27.401362601944058	0.8112468543109012
14000	16000	-1.7240702038821922	0.9850509914644605
14000	18000	-3.381059299715787	0.9546234506147498
14000	20000	-3.1426946686039727	0.9461093084771343
14000	22000	-4.904611356854055	0.9013131080675868
14000	24000	-4.959343002729284	0.8850578945194723
14000	26000	-3.9953702797298973	0.8961209988341193
14000	28000	-4.199525247743644	0.8817459032375875
14000	30000	-2.185510507889539	0.9329285494122982
14000	32000	-2.0951578921427902	0.9305633443703766
14000	34000	-1.019877215582703	0.9643631055485393
14000	36000	0.802543507740026	1.028738675555578
14000	38000	1.6154390509745298	1.0597784688083094
14000	40000	-0.6781180964491149	0.9747177627636223
14000	42000	1.3212648059737049	1.0495304006927433
14000	44000	0.6788540281066666	1.0255546967708604
14000	46000	1.9954472080211971	1.0738123589302624
14000	48000	1.731136129783998	1.0639471338822568
14000	50000	-0.08180309606236591	0.9971470043899139
14000	52000	1.2189840252306894	1.0421936625982742
14000	54000	-2.7010789077620636	0.9098729447160514
16000	16000	-22.391362601944053	0.8457580307673337
16000	18000	-18.209170203882195	0.8421125542393951
16000	20000	-10.426759299715798	0.8600644601733424
16000	22000	-7.62399466860397	0.8692643135324944
16000	24000	-7.78331135685405	0.8433900770390772
16000	26000	-3.958643002729282	0.9082509999148973
16000	28000	-3.083970279729897	0.9198172560103087
16000	30000	-3.987525247743644	0.8877155943418621
16000	32000	-2.54951050788954	0.9217577003471528
16000	34000	-1.025357892142793	0.966018111035527
16000	36000	1.238822784417298	1.0432873645354657
16000	38000	1.0324435077400267	1.0369712778338434
16000	40000	0.9200390509745269	1.0340455591177697
16000	42000	1.9214819035508874	1.0716384971664372
16000	44000	1.7093648059737028	1.0640791485455154
16000	46000	2.093254028106667	1.0787981948075627
16000	48000	1.5194472080211945	1.0562049360380041
16000	50000	0.7409361297839965	1.0273697377544828
16000	52000	0.585896903937634	1.0204339612479054
16000	54000	-1.4487159747693106	0.949854442900859
18000	18000	-68.22706260194406	0.5300207192495474
18000	20000	-28.13027020388219	0.7560890221071305
18000	22000	-11.432359299715792	0.8465684951467477
18000	24000	-6.469594668603975	0.8890598778027046
18000	26000	-2.9614113568540574	0.9404127134084003
18000	28000	-3.849143002729285	0.9107888684477233
18000	30000	-2.2852702797299003	0.9405833308475071
18000	32000	-1.3802252477436454	0.9611343472483475
18000	34000	-0.18791050788954067	0.9942331870291516
18000	36000	-1.5431578921427906	0.9488574471925517
18000	38000	0.7682227844173006	1.0268435002421785
18000	40000	0.017543507740025888	1.0006282241052167
18000	42000	3.06203905097453	1.1133091377158941
18000	44000	2.125981903550887	1.0792628586779682
18000	46000	2.6930648059737052	1.1009552198229497
18000	48000	3.4357540281066683	1.1293350981688983
18000	50000	2.4592472080211962	1.0909684991349455
18000	52000	2.2396361297839995	1.0827308199365622
18000	54000	-1.7128030960623661	0.9402636336614671
20000	20000	-59.33226260194405	0.5912921787993831
20000	22000	-5.184070203882186	0.9550501426495474
20000	24000	1.0607407002841995	1.0142359978056097
20000	26000	3.380205331396027	1.057963506483157
20000	28000	-1.1515113568540514	0.9768301566496201
20000	30000	0.6427569972707161	1.01489710280938
20000	32000	-0.2713702797298936	0.9929444152529582
20000	34000	0.318874752256356	1.0089791687354837
20000	36000	-1.3345105078895436	0.9590450124739431
20000	38000	1.6262421078572125	1.053896087563208
20000	40000	0.2916227844172994	1.010189981920503
20000	42000	2.386443507740026	1.0854573303991801
20000	44000	1.049539050974527	1.0388376382160225
20000	46000	2.6302819035508875	1.0980646460142274
20000	48000	2.4163648059737035	1.090582536156724
20000	50000	1.4668540281066669	1.0552180709598604
20000	52000	2.075147208021196	1.0767604925531886
20000	54000	-1.6770638702160028	0.938050263065574
22000	22000	-31.427362601944054	0.7835139208950131
22000	24000	32.75792979611781	1.2840363292782868
22000	26000	18.780040700284204	1.252043329841948
22000	28000	6.588305331396029	1.1129757637035838
22000	30000	5.012388643145947	1.1008555052294062
22000	32000	3.138656997270715	1.0727442815407096
22000	34000	-0.7583702797298955	0.9802824915698286
22000	36000	-1.604925247743644	0.9548070378562226
22000	38000	0.2696894921104587	1.00827654013962
22000	40000	-0.8242578921427928	0.9726828647991853
22000	42000	0.08532278441730057	1.0029813775777379
22000	44000	0.22274350774002727	1.0079763319238335
22000	46000	1.3998390509745313	1.0518003046879751
22000	48000	0.4423819035508849	1.0164932985761912
22000	50000	1.4641648059737022	1.0548873088817696
22000	52000	0.26585402810666636	1.0100077760347475
22000	54000	-1.8197527919788037	0.9326866450257604
24000	24000	20.05163739805593	1.1381248695578265
24000	26000	39.4589297961178	1.342139129251909
24000	28000	14.3929407002842	1.193164900875983
24000	30000	12.393505331396028	1.2125228961545738
24000	32000	5.016288643145941	1.1009339780890341
24000	34000	-1.0891430027292799	0.9747570616038873
24000	36000	-0.3930702797298977	0.9897802343243403
24000	38000	0.6687747522563612	1.0188319749495667
24000	40000	-2.389010507889541	0.926683308245383
24000	42000	-1.1333578921427936	0.9624388300485796
24000	44000	0.1144227844172967	1.003998199615423
24000	46000	0.9357435077400247	1.0335084999290662
24000	48000	-0.4931609490254729	0.9817508395683444
24000	50000	1.7564819035508883	1.0654868118392853
24000	52000	0.2205648059737051	1.0082683374060992
24000	54000	-1.5783459718933344	0.9405849401472429
26000	26000	-16.737362601944056	0.8847053744169684
26000	28000	-0.44907020388220076	0.9961062175451004
26000	30000	9.3775407002842	1.1258541779300963
26000	32000	2.624905331396029	1.0450116789595172
26000	34000	0.22588864314594304	1.0045451609705527
26000	36000	-3.015243002729278	0.9301160699958847
26000	38000	0.5000297202701063	1.013000694368289
26000	40000	-2.6769252477436396	0.924620675291212
26000	42000	-0.44371050788954136	0.9863829035377663
26000	44000	0.06854210785721193	1.0022715876246169
26000	46000	1.794822784417299	1.0627153044994853
26000	48000	1.2706435077400258	1.045501098898144
26000	50000	1.842239050974527	1.0681710830128166
26000	52000	0.9801819035508892	1.0365440644485693
26000	54000	-1.8222351940262946	0.9316896666675177
28000	28000	-14.274362601944063	0.9016716473934542
28000	30000	9.749929796117797	1.084539355424667
28000	32000	2.560940700284206	1.0343698947158102
28000	34000	-1.2305946686039704	0.9788978552902566
28000	36000	-6.019211356854051	0.8788859672108192
28000	38000	-0.061443002729284046	0.998575942801927
28000	40000	-2.4177702797299006	0.9371383516113373
28000	42000	-1.0390252477436448	0.9707421708557932
28000	44000	1.2912894921104652	1.0396285714719076
28000	46000	2.2615421078572098	1.0749508765540197
28000	48000	1.7649227844172977	1.0616705285913484
28000	50000	2.618043507740026	1.0937508088143442
28000	52000	2.0892390509745304	1.0773111875477077
28000	54000	-0.8240180964491124	0.969278181616765
30000	30000	4.580637398055956	1.0315535300453578
30000	32000	-5.000070203882203	0.9566455635113807
30000	34000	-1.2967592997158022	0.9825964417692163
30000	36000	-9.922694668603974	0.8298463790315143
30000	38000	-1.300411356854049	0.9738341031115143
30000	40000	-4.185443002729286	0.9029944831729344
30000	42000	0.7405297202701036	1.0192536566799781
30000	44000	1.6658747522563573	1.0469092343838693
30000	46000	2.159589492110456	1.0662759567556046
30000	48000	3.4571421078572087	1.1145748427391513
30000	50000	2.7289227844173	1.0953549424857996
30000	52000	2.8771435077400263	1.103029048267578
30000	54000	-1.6064609490254718	0.9405537611120925
32000	32000	-17.84136260194404	0.8771005163714792
32000	34000	-5.212070203882192	0.954807361214051
32000	36000	-13.763059299715785	0.8152886167781274
32000	38000	-2.164994668603974	0.9628748344533853
32000	40000	-4.861111356854053	0.9021883822711301
32000	42000	1.5181569972707223	1.0351861449430417
32000	44000	2.4027297202701092	1.0624705961996865
32000	46000	2.5661747522563587	1.0722607103328237
32000	48000	4.269989492110454	1.1310423300168215
32000	50000	4.345142107857207	1.144004486409607
32000	52000	4.740722784417294	1.1656519382045307
32000	54000	0.012543507740026882	1.0004491766437495
34000	34000	-54.81416260194406	0.6224149225813808
34000	36000	-27.219570203882185	0.7639854882966511
34000	38000	-3.5236592997157885	0.9527096433227924
34000	40000	-5.035394668603978	0.9136534314031335
34000	42000	2.1310886431459437	1.0428801589611445
34000	44000	2.347256997270719	1.0544020974596269
34000	46000	4.6569297202701065	1.1210794429481683
34000	48000	4.304074752256355	1.1211980979277227
34000	50000	4.363789492110463	1.1339209718913017
34000	52000	4.928542107857204	1.1633392320372467
34000	54000	0.560522784417298	1.019585976626123
36000	36000	117.43863739805596	1.8089711652789056
36000	38000	-18.072270203882184	0.8432995820436615
36000	40000	-16.662059299715793	0.7763816929395252
36000	42000	-4.50369466860397	0.9227709829645252
36000	44000	0.30708864314594564	1.0061790061505003
36000	46000	1.9647569972707188	1.0455369402559194
36000	48000	2.5932297202701022	1.0674235663467833
36000	50000	6.0054747522563545	1.1691076849315563
36000	52000	2.4848894921104545	1.076259135878934
36000	54000	0.9017421078572099	1.029885077609103
38000	38000	-51.30126260194406	0.6466133880052934
38000	40000	-17.06087020388219	0.8520691943244139
38000	42000	-9.429859299715787	0.8734436641659962
38000	44000	-2.5753946686039697	0.955837326157739
38000	46000	0.6770886431459502	1.0136238671921334
38000	48000	2.36675699727072	1.0548540466504042
38000	50000	1.8061297202700999	1.0469590896917704
38000	52000	3.4635747522563562	1.0975305254128989
38000	54000	-0.23791050788953783	0.9926987297399831
40000	40000	108.07063739805594	1.7444400872262384
40000	42000	-0.7100702038821964	0.9938431477356519
40000	44000	-0.9186592997157845	0.9876708494626885
40000	46000	0.1385053313960256	1.0023750789929113
40000	48000	4.001688643145947	1.0805189618381135
40000	50000	1.8333569972707124	1.042491498016528
40000	52000	2.2904297202701045	1.059550813798012
40000	54000	-1.5647252477436382	0.9559390264524106
42000	42000	-4.830362601944046	0.9667262482825859
42000	44000	-16.95907020388219	0.8529518782577543
42000	46000	-5.879559299715794	0.9210915605799972
42000	48000	0.1040053313960243	1.001783475590865
42000	50000	-0.556311356854053	0.9888063223036198
42000	52000	2.308356997270714	1.0535005167662301
42000	54000	-2.915670279729895	0.9241930296363268
44000	44000	11.489637398055947	1.0791458889550372
44000	46000	-4.532070203882185	0.9607034817903922
44000	48000	-6.75285929971578	0.9093711685178203
44000	50000	-3.692294668603978	0.9366848090636661
44000	52000	-0.3450113568540587	0.9930579415957739
44000	54000	-4.162443002729283	0.9035275514492358
46000	46000	-34.26536260194405	0.7639644760280759
46000	48000	-11.259070203882203	0.9023752419123803
46000	50000	-8.016759299715787	0.8924086086559336
46000	52000	-2.317794668603973	0.9602546315596845
46000	54000	-4.860611356854051	0.9021984428941593
48000	48000	-49.23286260194405	0.6608614753071868
48000	50000	-18.517770203882193	0.8394367559896027
48000	52000	-3.51355929971578	0.9528451934886322
48000	54000	-5.622794668603973	0.9035807404361191
50000	50000	-26.130362601944057	0.8200020849049382
50000	52000	-17.816970203882192	0.8455132284894555
50000	54000	-9.837359299715786	0.8679746847026534
52000	52000	-37.00136260194405	0.7451176539153416
52000	54000	-15.918570203882197	0.861973809816112
54000	54000	-31.83036260194406	0.7807378721700746
