chromosome1	x1	x2	chromosome2	y1	y2	color	APScoreAvg	ProbabilityofEnrichment	RegAPScoreAvg	Avg_diffMaxNeihgboor_1	Avg_diffMaxNeihgboor_2	avg	std	value
chr5	306000	308000	chr5	338000	340000	0,0,0	5.539799	1.0	2.6805775	2.2105503	2.656077	2.6991913	0.8321169	4.664125
chr5	4158000	4160000	chr5	4198000	4200000	0,0,0	5.552446	1.0	2.6738167	2.0249157	3.272367	3.4895396	0.94064224	5.289465
chr5	4426000	4428000	chr5	4490000	4492000	0,0,0	23.63726	1.0	9.228336	9.021218	18.454056	16.091606	5.943615	24.110468
chr5	1550000	1552000	chr5	1578000	1580000	0,0,0	5.59797	1.0	2.7759652	1.366399	2.4854693	2.8082345	0.6301661	4.0228114
chr5	4482000	4484000	chr5	4530000	4532000	0,0,0	38.16501	1.0	16.316938	6.2250624	9.853116	8.961886	3.851108	14.4952755
chr5	1772000	1774000	chr5	1798000	1800000	0,0,0	6.0094376	1.0	2.8818412	1.6766883	2.2683582	2.3299572	0.90051895	3.8203468
chr5	3520000	3522000	chr5	3552000	3554000	0,0,0	5.5523953	1.0	2.7736912	1.9262354	2.5451899	2.774374	0.8558722	4.486583
chr5	2202000	2204000	chr5	2232000	2234000	0,0,0	7.988999	1.0	3.1713917	2.8449101	3.5476727	2.746021	1.0492016	5.2748303
chr5	3470000	3472000	chr5	3498000	3500000	0,0,0	5.513931	1.0	2.5392942	2.0041614	3.1308622	3.1215787	1.176151	4.903055
chr5	2638000	2640000	chr5	2676000	2678000	0,0,0	9.206062	1.0	3.5249858	4.2714124	5.6964445	4.3259606	2.2712717	8.122771
chr5	1218000	1220000	chr5	1250000	1252000	0,0,0	5.5232325	1.0	3.0626988	1.3235732	2.3496456	3.1497943	0.8305957	4.326304
chr5	4570000	4572000	chr5	4604000	4606000	0,0,0	9.849685	1.0	5.9958186	1.1625545	1.9525615	3.1112366	0.69769293	4.1446185
chr5	208000	210000	chr5	238000	240000	0,0,0	5.2799177	1.0	2.7403257	1.7254046	2.6693435	3.1659997	0.7307347	4.6996927
chr3	3972000	3974000	chr3	3998000	4000000	0,0,0	4.415108	1.0	2.2996297	1.266906	1.9401851	2.3115	0.68150496	3.4376385
chr3	3388000	3390000	chr3	3424000	3426000	0,0,0	7.8518734	1.0	4.305924	1.8036447	2.8032026	3.6473944	1.0358524	5.250634
chr3	1480000	1482000	chr3	1524000	1526000	0,0,0	4.895679	0.9925917	2.7432692	1.5124568	2.6137664	3.5612504	1.0290962	4.9056563
chr3	1458000	1460000	chr3	1484000	1486000	0,0,0	4.7800145	1.0	2.3816285	1.4844035	2.3510294	2.6260333	0.6907417	3.9455032
chr3	5384000	5386000	chr3	5420000	5422000	0,0,0	5.0580926	0.9954691	2.7939403	2.2965758	2.6267636	3.355992	1.0068285	5.3973927
chr4	4062000	4064000	chr4	4096000	4098000	0,0,0	5.936027	1.0	2.7253473	1.904122	3.434635	3.498032	0.98163116	5.190585
chr4	1204000	1206000	chr4	1238000	1240000	0,0,0	10.888836	1.0	3.9732687	3.871742	6.089916	4.646082	1.9963777	8.08763
chr4	5074000	5076000	chr4	5130000	5132000	0,0,0	9.224746	1.0	4.2355685	4.2007804	5.122657	4.8132133	1.4852314	8.54724
chr4	2960000	2962000	chr4	2988000	2990000	0,0,0	7.292188	1.0	2.9174948	2.7322812	3.0476046	2.2799664	0.97939116	4.7086606
chr4	1786000	1788000	chr4	1812000	1814000	0,0,0	4.3727555	1.0	2.739413	0.82479656	1.0937644	1.8475012	0.37011802	2.5806537
chr4	2412000	2414000	chr4	2472000	2474000	0,0,0	8.403714	1.0	3.2514436	3.5390317	4.1633124	3.0473828	1.3064264	6.193189
chr4	3874000	3876000	chr4	3902000	3904000	0,0,0	8.975657	1.0	3.2289228	3.6372776	3.8828568	2.4660642	2.041464	5.6991997
chr4	5422000	5424000	chr4	5444000	5446000	0,0,0	4.8848557	1.0	2.9609568	1.0134827	1.72418	2.7243412	0.73440254	3.6252146
chr4	1266000	1268000	chr4	1300000	1302000	0,0,0	12.521026	1.0	6.423525	2.5091646	4.4406185	5.254378	1.4687638	7.484747
chr4	732000	734000	chr4	760000	762000	0,0,0	4.6521645	1.0	2.7349155	1.1067753	1.9250494	2.86508	0.6673543	3.8488803
chr4	2270000	2272000	chr4	2306000	2308000	0,0,0	7.905343	1.0	3.9256887	2.1064737	3.0218902	3.3083751	1.3066872	5.180796
chr4	1946000	1948000	chr4	1980000	1982000	0,0,0	6.448561	1.0	3.9579978	1.1603762	1.5567093	2.509578	0.7406695	3.5410235
chr4	2134000	2136000	chr4	2168000	2170000	0,0,0	5.742167	1.0	3.1145792	1.4105858	2.2398393	2.865256	0.6119862	4.11911
chr4	632000	634000	chr4	678000	680000	0,0,0	5.9941854	1.0	3.1127324	2.5096364	2.8013275	3.169441	1.2233073	5.400229
chr4	1684000	1686000	chr4	1720000	1722000	0,0,0	5.586464	1.0	2.9146073	1.4496882	2.16375	2.5767512	0.7242979	3.8653631
chr4	2232000	2234000	chr4	2256000	2258000	0,0,0	6.712524	1.0	2.59858	2.4930582	4.062871	3.3283277	1.2220908	5.544379
chr4	1748000	1750000	chr4	1784000	1786000	0,0,0	7.5841722	1.0	5.009102	0.7855989	1.261535	2.4200218	0.40340638	3.118332
chr1	956000	958000	chr1	988000	990000	0,0,0	4.791046	1.0	2.6921067	1.4622281	1.6281275	2.1467779	0.7879049	3.446536
chr1	3152000	3154000	chr1	3182000	3184000	0,0,0	5.6072807	1.0	3.0940895	1.3522784	2.0005257	2.620064	0.73482823	3.822089
chr1	4872000	4874000	chr1	4898000	4900000	0,0,0	4.9858437	1.0	2.7074022	1.4858896	2.234045	2.8484604	1.0046049	4.1692514
chr1	3076000	3078000	chr1	3108000	3110000	0,0,0	4.7968817	1.0	2.681561	1.6464972	2.364406	3.162748	0.87313634	4.6263013
chr1	2202000	2204000	chr1	2252000	2254000	0,0,0	14.443622	1.0	6.4426236	5.305292	9.135628	8.903715	2.3876383	13.61953
chr1	624000	626000	chr1	660000	662000	0,0,0	6.1753407	1.0	3.5131176	1.9461317	2.788486	3.8543367	1.5579566	5.5842314
chr1	1236000	1238000	chr1	1272000	1274000	0,0,0	6.687879	1.0	3.0312855	1.8266886	3.3856351	3.4084673	0.9782179	5.032191
chr1	1344000	1346000	chr1	1380000	1382000	0,0,0	7.5251412	1.0	2.844292	3.3971765	4.687119	3.5504932	1.3546287	6.5702057
chr1	2656000	2658000	chr1	2680000	2682000	0,0,0	4.162684	1.0	2.6384153	0.61926067	1.5829743	2.7574415	0.4062567	3.3078954
chr2	5066000	5068000	chr2	5096000	5098000	0,0,0	5.3122177	1.0	3.3539147	1.3136187	1.5666015	2.6924136	0.588051	3.8600745
chr2	488000	490000	chr2	516000	518000	0,0,0	9.163331	1.0	5.109669	1.9068108	2.458312	3.2408724	0.9262512	4.935815
chr2	4358000	4360000	chr2	4386000	4388000	0,0,0	5.060172	1.0	2.382421	1.4871417	2.663786	2.7990022	0.8124275	4.120906
chr2	6394000	6396000	chr2	6430000	6432000	0,0,0	5.5896435	1.0	2.9613225	1.2036442	2.14415	2.6675994	0.62024194	3.7375054
chr2	1946000	1948000	chr2	1980000	1982000	0,0,0	4.011163	0.9844875	2.31243	1.3166952	2.0987403	2.9961452	0.7946472	4.166541
chr2	5934000	5936000	chr2	5964000	5966000	0,0,0	4.449721	1.0	2.505399	1.3463013	1.3518814	1.7693237	1.2606361	2.966036
chr2	452000	454000	chr2	488000	490000	0,0,0	12.6946535	1.0	7.0126615	1.2589388	2.6293457	3.5406642	0.8848597	4.659721
chr2	8308000	8310000	chr2	8368000	8370000	0,0,0	20.029076	1.0	6.292642	18.358845	21.804817	12.594998	8.88541	28.91397
chr2	568000	570000	chr2	590000	592000	0,0,0	5.055303	1.0	2.7784908	1.081382	1.4636663	1.8870021	0.43093228	2.8482306
chr2	260000	262000	chr2	288000	290000	0,0,0	4.3544183	1.0	2.4045281	1.406157	1.47542	1.8636422	0.67161304	3.1135595
chr2	1978000	1980000	chr2	2008000	2010000	0,0,0	4.9667883	1.0	2.4117253	2.105385	2.6671126	2.7563422	1.2633468	4.6277957
chr2	4854000	4856000	chr2	4890000	4892000	0,0,0	5.0195317	1.0	2.43151	2.1201801	2.4156294	2.429791	1.7626483	4.3143954
chr2	1206000	1208000	chr2	1236000	1238000	0,0,0	5.046108	1.0	2.5089421	1.1483614	3.0935729	3.6478467	0.7719932	4.6686125
chr2	1096000	1098000	chr2	1124000	1126000	0,0,0	5.992645	1.0	2.876018	1.7899746	2.744936	2.8881688	0.98564607	4.479257
chr2	6270000	6272000	chr2	6306000	6308000	0,0,0	8.113788	1.0	4.486377	2.5965652	3.8971229	5.129432	1.1931037	7.43749
chr2	4000000	4002000	chr2	4036000	4038000	0,0,0	6.715949	1.0	3.5769558	2.0646098	3.171616	3.9211977	1.1654963	5.7564063
chr2	766000	768000	chr2	802000	804000	0,0,0	7.519077	1.0	4.4742374	2.008492	2.3387005	3.4980252	1.2058537	5.2833514
chr2	1520000	1522000	chr2	1556000	1558000	0,0,0	5.5223527	0.99784565	2.6092393	2.7372952	3.6929226	3.7077484	1.4218043	6.1408997
chr2	2168000	2170000	chr2	2204000	2206000	0,0,0	7.9393425	1.0	3.0435073	3.655506	4.6550326	3.4788687	1.4921777	6.7282076
