60000	60000	4068.6195696849654	5.754001991010407
60000	62000	632.5863691947595	3.0874638741143365
60000	64000	154.67954320288152	3.266849970137717
60000	66000	100.3984263797397	4.29061090851045
60000	72000	87.38934533598096	7.078559120898502
60000	86000	-8.923389771297073	0.3412872998723236
60000	94000	-18.611694327734913	0.24380590472059008
60000	102000	14.60737665131819	1.619980568549262
60000	104000	-0.8256944679425917	0.9352447003236901
60000	122000	86.93443015593849	3.6356889374601917
60000	128000	17.865430354381722	2.152863553866146
60000	130000	21.59280462107976	2.1827593809646637
60000	132000	39.60887066896659	7.078588784345827
60000	138000	3.5119318219089877	1.5729455651768485
60000	158000	4.633649795546415	1.1544614280250418
62000	62000	-5.151430315034077	0.9939807815513899
62000	64000	52.32136919475954	1.1726546339866408
62000	66000	141.6775432028815	3.076303872693711
62000	76000	-2.858921802518864	0.576030917185593
62000	86000	-6.6756164121755015	0.16514371233417374
62000	88000	-7.745519771297072	0.4282360881674479
62000	90000	-8.597465516373067	0.3810023880380614
62000	92000	-2.215264575969101	0.5715441121148325
62000	94000	-20.206840042554123	0.10963707499933864
62000	96000	-8.111724327734912	0.6704202244485278
62000	98000	-4.925171377454765	0.5388162134242471
62000	100000	5.480395769809546	1.4385894053453507
62000	102000	-7.420097379128801	0.6502576701550065
62000	104000	-18.674833348681812	0.20738445557685722
62000	110000	-26.357652712061668	0.3028229242182326
62000	122000	18.471287621361316	1.9043597422052134
62000	124000	-17.452569844061504	0.47087080244579
62000	126000	65.07860497019453	2.736939675641295
62000	128000	44.19757562692002	3.226687558853647
62000	130000	34.65513035438172	3.236309786416545
62000	132000	43.93750462107975	3.4067043016740675
62000	138000	0.5352941202406098	1.250223277669822
62000	144000	-19.023471040550113	0.41928972625537453
62000	146000	11.706264027651294	2.410523097144615
62000	150000	16.308064938188142	3.643878641907304
62000	152000	-4.128229699111675	0.6610974314385645
62000	156000	5.153584196525857	1.341057192079556
62000	158000	8.177072211424854	1.4875916746836346
62000	160000	-4.633650204453581	0.8455385583441515
64000	64000	152.69956968496592	1.1784226924821506
64000	66000	-97.87563080524046	0.6770214259877791
64000	70000	-25.600653620260303	0.1609251946918365
64000	72000	-5.664747359142592	0.5502472323395311
64000	86000	-1.5103340874293902	0.6524335415719815
64000	88000	-6.6793464121755015	0.16467723646726895
64000	90000	-9.014399771297072	0.33456906337530845
64000	92000	-7.391205516373068	0.4678503152537323
64000	96000	26.409239957445877	2.163655875240141
64000	98000	-16.065014327734914	0.34727764376029635
64000	100000	-1.677331377454765	0.8429378438407412
64000	102000	-4.722544230190455	0.6220605312764979
64000	104000	-16.3489273791288	0.22940203343875032
64000	106000	-17.121903348681812	0.27329542968940074
64000	122000	39.546493831141746	3.8900214854798283
64000	124000	5.0341876213613155	1.2464753249904441
64000	126000	25.98233015593849	1.7877355385962401
64000	128000	21.29430497019454	1.5683422867603911
64000	130000	39.00357562692002	2.9650122290049774
64000	132000	21.710130354381718	2.4009636229731885
64000	138000	-4.826746484161296	0.29535688569022267
64000	140000	4.17660412024061	2.9523539171813304
64000	144000	14.389182849149961	3.3658958996406025
64000	150000	18.487097256802492	3.2122742728020035
64000	154000	-7.800569699111676	0.3596206364582097
64000	158000	12.830384196525857	1.8490973738857137
64000	160000	8.493272211424856	1.5064464045366441
66000	66000	-197.80043031503396	0.768878946916829
66000	70000	-64.6841767971185	0.05204449661059449
66000	72000	-15.707173620260301	0.4851891735712868
66000	76000	-4.529903995769767	0.47851901811502695
66000	86000	-2.8604815733658464	0.4189593280609101
66000	88000	-1.6262140874293904	0.6257665931545032
66000	90000	-2.330536412175502	0.708541824873247
66000	92000	-10.386119771297071	0.23331052730580348
66000	96000	12.5108554240309	3.4197333930468132
66000	98000	-16.533820042554126	0.271479343453925
66000	100000	-19.40228432773491	0.2116841924648684
66000	102000	-5.073801377454765	0.5248987797055901
66000	104000	-10.685274230190455	0.14487050435518187
66000	110000	-6.568254467942593	0.4848829646616263
66000	122000	11.597142768390228	2.2473858922123675
66000	124000	-3.6587861688582493	0.7326192636968979
66000	126000	89.49528762136133	5.381715931283347
66000	128000	23.639730155938494	1.7167122985080612
66000	130000	4.789604970194539	1.1278339464588985
66000	132000	20.18897562692002	2.017126849534282
66000	144000	8.587391821908987	2.400969127619413
66000	148000	-13.501571040550111	0.5878511866615886
66000	150000	-3.4018459723487062	0.5901013076766422
66000	156000	31.150230300888325	3.557244589011841
66000	158000	27.468217329024544	3.9675855656688723
66000	160000	-2.9734158034741434	0.8032233866477821
70000	70000	334.269569684966	1.3905792056984
70000	72000	-190.28063080524046	0.3720953183748786
70000	76000	-10.428473620260302	0.6582013255452085
70000	86000	-6.119320440067791	0.35187747059559327
70000	88000	-5.096940292594054	0.46333649885658856
70000	90000	0.3987384266341527	1.080994489003762
70000	92000	2.03599591257061	1.468534673616821
70000	94000	-5.093826412175501	0.3629632462514275
70000	98000	-3.8374255163730684	0.7237142473915024
70000	104000	-4.856124327734914	0.8026954194544442
70000	106000	26.76168862254524	3.5059142003876413
70000	110000	168.6411026208712	8.948808367953948
70000	124000	-0.4064198695424803	0.8738762576856707
70000	126000	18.543142768390222	2.994495984788194
70000	128000	-11.60922616885825	0.15160840298376566
70000	138000	-13.130859645618278	0.1526602373363911
70000	144000	17.249583515838705	3.5182180769245894
70000	152000	135.3150289594499	5.130625128364153
70000	154000	22.059064027651292	3.657963227114811
70000	160000	-7.140219699111676	0.4138313581139598
72000	72000	481.29956968496595	1.5623772567981695
72000	74000	104.00636919475954	1.3432093212002414
72000	86000	-5.117921802518864	0.2410283448053621
72000	88000	-3.2345104400677913	0.6574196255395847
72000	90000	-0.12825029259405518	0.9864963591694021
72000	92000	5.8811684266341535	2.1946233411241836
72000	94000	1.723805912570609	1.3966917790150555
72000	98000	0.6858902287029274	1.0506314994771793
72000	100000	-4.85329551637307	0.650573959376826
72000	102000	-0.7913245759691012	0.8469493542757196
72000	104000	93.04593995744587	5.099832288743942
72000	106000	92.14867567226509	4.744005419611077
72000	110000	1.7871957698095429	1.143027102939271
72000	124000	-10.134750668949454	0.2807979905958799
72000	128000	-3.589017231609775	0.6139661681306913
72000	130000	4.287993831141751	1.3133626549680608
72000	138000	-16.531514373079983	0.16713718204202196
72000	140000	-4.997269645618278	0.6775241385740309
72000	142000	-2.9668953789202437	0.8374864496141977
72000	152000	0.6441128491499617	1.1059062189066382
72000	154000	24.633428959449887	1.751959789242398
72000	158000	22.795897256802498	3.727890502556071
72000	160000	7.9648649381881444	2.2912713050608917
74000	74000	859.269569684966	2.0040184822227762
74000	76000	292.99636919475955	1.9668550663196838
74000	86000	56.75404533598095	4.947653098882682
74000	88000	49.12066819748114	8.284440107654705
74000	90000	26.205989559932206	3.775584708379903
74000	92000	29.698639707405945	4.127008567813061
74000	94000	6.077968426634153	2.2345987093636865
74000	102000	21.375164483626936	2.538962354133457
74000	104000	5.8529554240309	2.1320242467464277
74000	106000	35.50823995744587	2.564580128489043
74000	124000	-32.74143718931212	0.245704359761508
74000	128000	4.55880013045752	2.414726434422655
74000	130000	3.041842768390225	1.3271798779575483
74000	138000	-28.553685029805457	0.23790578429349332
74000	152000	12.121091821908989	2.977466009203209
74000	158000	2.4335640276512933	1.2932274772954298
76000	76000	545.679569684966	1.6376024389365305
76000	86000	35.60138600423023	5.098419248462923
76000	88000	53.12224533598095	4.6950352204627865
76000	90000	39.390068197481135	6.841422829742763
76000	92000	32.00508955993221	4.389791366959047
76000	94000	21.894439707405944	3.305294155794347
76000	100000	14.293273587824501	2.7875247152246727
76000	102000	7.803990228702929	1.5760801228087218
76000	104000	-3.887525516373067	0.720107163385148
76000	110000	-18.642734327734914	0.24254474792829878
76000	122000	0.6070673250034666	1.031038490212486
76000	124000	-31.321432712061668	0.17152771128599822
76000	126000	-27.003337189312127	0.3778984289536009
76000	128000	-2.3868606689494545	0.8306189224234706
76000	130000	0.5757701304575193	1.1786779855223626
76000	138000	-30.220399844061504	0.08377413400258409
76000	140000	-2.9368950298054557	0.9216146458148707
76000	142000	30.540575626920017	2.5386436659496634
76000	144000	12.81293035438172	1.8268236550019077
76000	146000	23.024804621079756	2.2611980767831734
76000	150000	11.767183515838706	2.717857953895839
76000	152000	3.44517412024061	2.610446907435414
76000	154000	-0.10191817809101167	0.9833728070163935
76000	156000	14.876282849149963	3.4459857772101974
76000	158000	-29.446161040550113	0.10112680266725399
86000	86000	-648.677430315034	0.2420491170473411
86000	88000	-82.84963080524045	0.7266055360791318
86000	90000	57.070543202881524	1.8363766563850652
86000	92000	80.79442637973969	3.6480795603950495
86000	94000	68.5079526408574	6.439190727058576
86000	96000	-3.1150639957697663	0.6413949097672869
86000	98000	-10.503934664019047	0.269375601661518
86000	100000	-0.28191180251886383	0.9581933691774384
86000	102000	-4.201300440067791	0.5550228992462407
86000	104000	-4.607180292594054	0.5149039689919368
86000	106000	2.2548784266341535	1.4580263995935552
86000	110000	-2.2169764121755016	0.722743701400247
86000	124000	-7.247454230190455	0.41999505608746535
86000	126000	-15.8577873791288	0.2525516552163877
86000	128000	-16.724053348681814	0.290181368560229
86000	130000	-9.072824467942592	0.2884614223029683
86000	132000	-15.315412674996534	0.2169446998150516
86000	138000	-10.985440668949455	0.22042966212239704
86000	140000	-0.34627986954248025	0.8925394246005229
86000	142000	-3.1149072316097755	0.6649613259180689
86000	144000	0.0632938311417508	1.0046254551080822
86000	148000	-20.959369844061506	0.36455120100242533
86000	150000	-32.14180502980546	0.14213931861992202
86000	152000	-17.095774373079983	0.1387095883530711
86000	154000	-11.572989645618279	0.25319022788436335
86000	156000	-14.792715378920244	0.18971976121723175
86000	158000	-4.861839331033415	0.2538761764781671
86000	160000	-3.940286484161296	0.4247686824690177
88000	88000	-536.972430315034	0.3725714682552562
88000	90000	-93.89763080524045	0.690148378599479
88000	92000	72.65254320288149	2.0647330085133913
88000	94000	78.0514263797397	3.5581763014743943
88000	98000	-6.069053995769767	0.3013326022400336
88000	100000	-5.256124664019046	0.6343986284115365
88000	102000	0.21710819748113686	1.0321964606644605
88000	104000	-3.6587904400677917	0.6124823764661147
88000	106000	-3.7296902925940545	0.6072960372887899
88000	110000	-1.71896408742939	0.6044224486453461
88000	122000	-23.072824327734914	0.06254996397334088
88000	124000	-7.144081377454764	0.3310416534251515
88000	128000	-16.1207573791288	0.2401567046139825
88000	130000	-20.277363348681813	0.13936830974634698
88000	132000	-7.121524467942592	0.4414926235089435
88000	138000	-41.58714718931213	0.041917322276419214
88000	140000	-12.139140668949455	0.13855854507640242
88000	142000	7.700910130457519	3.389813288343941
88000	144000	-3.125937231609776	0.6637749417658789
88000	146000	-4.7208561688582495	0.6550041625405347
88000	150000	-27.902029844061506	0.1540627659172223
88000	152000	-26.74419502980546	0.28620084186449724
88000	154000	-13.370264373079983	0.3264019368522085
88000	158000	-17.464837378920244	0.043352607063635834
88000	160000	-2.666359331033415	0.5908062600392636
90000	90000	-408.230430315034	0.523000800328211
90000	92000	-69.38263080524047	0.771045121504411
90000	94000	67.4355432028815	1.9882771563087014
90000	98000	-7.909937359142591	0.3719903124093109
90000	100000	-2.3048039957697677	0.7346717608388991
90000	102000	-5.946694664019045	0.5863645053044194
90000	104000	-0.8211918025188645	0.8782198467191775
90000	106000	-5.900650440067791	0.3750377144319646
90000	110000	5.5305684266341535	2.123407060104012
90000	122000	-21.284160042554124	0.06216771391459231
90000	124000	-20.132514327734913	0.1820149101054967
90000	126000	2.201888622545235	1.2061807102209423
90000	128000	-5.572144230190456	0.5540680770026416
90000	132000	-20.943273348681814	0.11110510614329736
90000	138000	-33.00861271206167	0.12690070175797577
90000	140000	-33.18443718931213	0.2354985472709454
90000	142000	-9.063470668949456	0.35682025831628655
90000	144000	2.40646013045752	1.7467935997450215
90000	146000	-1.1259772316097756	0.8788901592648642
90000	150000	-16.695502378638682	0.18258323206060018
90000	152000	-24.284309844061504	0.26374525380751807
90000	154000	-31.558485029805457	0.15770805510496363
90000	156000	-11.572924373079983	0.41695248312679634
90000	158000	-12.248139645618279	0.20962252126027825
90000	160000	-17.018035378920246	0.06782646612027134
92000	92000	-394.783430315034	0.5387130249975887
92000	94000	-61.26763080524046	0.7978237088457745
92000	100000	-7.845027359142592	0.3771438435904896
92000	102000	-3.9104339957697665	0.5498321903478062
92000	104000	-3.071054664019046	0.7863860031565563
92000	110000	-6.076220292594055	0.3602268284993853
92000	122000	-1.2857145759691009	0.751329034829731
92000	124000	-17.778030042554125	0.21665639970902814
92000	126000	-21.437324327734913	0.1290004128712941
92000	128000	-6.201791377454765	0.41927591715894325
92000	130000	-7.5128642301904565	0.39875461671738033
92000	132000	-18.6929473791288	0.1189179017467326
92000	138000	-16.947002674996533	0.13352382018608988
92000	140000	-34.459242712061666	0.08853059374837678
92000	142000	-31.450037189312127	0.27545557025882744
92000	144000	-3.350360668949456	0.7622451499749867
92000	148000	11.723042768390226	2.2609276659894038
92000	150000	-10.091246168858248	0.2625409886451027
92000	152000	-16.18698237863868	0.20748052268447395
92000	154000	-25.057309844061507	0.24030934302968043
92000	158000	-16.113164373079982	0.18821378470705682
92000	160000	-14.301169645618279	0.0771396526674537
94000	94000	-518.2864303150341	0.3944052326764648
94000	98000	-65.67471679711849	0.03752799673656083
94000	100000	-25.7427936202603	0.15626648188724954
94000	102000	-7.2798673591425915	0.4220147368635593
94000	104000	-3.032063995769767	0.6509498410719838
94000	106000	-5.0435946640190465	0.6491816224366975
94000	110000	-3.167940440067791	0.6644703294870271
94000	124000	-0.3694345759691009	0.9285473974624106
94000	126000	-5.447160042554124	0.7599847705914642
94000	128000	-23.047604327734913	0.06357465386707759
94000	130000	-6.689661377454765	0.37359268774145504
94000	132000	-9.693174230190456	0.22426706024629847
94000	138000	-9.289634467942593	0.2714580426414772
94000	140000	-14.026412674996532	0.2828494392665876
94000	142000	-27.12725271206167	0.2824665031293351
94000	144000	-31.438237189312126	0.27572741808588985
94000	150000	-6.275697231609776	0.3249875122824875
94000	152000	-4.354106168858248	0.6818059160493394
94000	154000	-15.336892378638684	0.24910118221890498
94000	158000	-33.312295029805455	0.11089908964032869
96000	96000	-120.48943031503404	0.8592134305499264
96000	98000	51.931369194759554	1.171367677848239
96000	122000	15.540390228702925	2.1471708253195243
96000	124000	41.55236448362693	3.9916740390239727
96000	128000	-12.536360042554124	0.44761723392456515
96000	130000	23.56947567226509	1.9576290056321632
96000	138000	-11.919223348681813	0.4941126634319698
96000	142000	89.51546732500347	5.576798720664732
96000	158000	64.58333015593848	2.9580454893534314
96000	160000	138.82060497019455	4.705104260911714
98000	98000	-541.129430315034	0.36771419764094804
98000	100000	-232.94943080524047	0.23129307714861025
98000	102000	-52.259856797118495	0.23412461423830655
98000	104000	-25.479053620260302	0.16491069825900814
98000	106000	0.6206526408574078	1.0492767329739572
98000	110000	-5.506744664019045	0.6169662002245232
98000	122000	32.0779735878245	5.011689152260045
98000	124000	0.862890228702927	1.0636974027841972
98000	128000	1.8652754240308989	1.3607642385577912
98000	130000	-6.018460042554125	0.7348118916068397
98000	132000	33.06897567226508	2.3435941779379452
98000	138000	-17.1367873791288	0.19226667282114762
98000	140000	-10.600123348681814	0.5500991959555582
98000	142000	24.918505532057406	2.9542401649302947
98000	146000	23.823547287938332	1.6301483373499668
98000	148000	67.17536281068787	2.547582746797723
98000	150000	69.00903933105054	5.897154491032405
98000	152000	5.072050130457519	2.574002630283112
98000	156000	48.745793831141754	4.562297889170481
98000	158000	51.68048762136132	3.530292063031041
98000	160000	10.503530155938492	1.3184473422857712
100000	100000	-414.72743031503404	0.5154093432242512
100000	102000	-27.447630805240465	0.9094259052579631
100000	104000	-63.977846797118495	0.062395859862988325
100000	110000	-3.041383995769767	0.6498769258941551
100000	122000	6.286045912570609	2.4465797557854767
100000	124000	-1.8641464121755016	0.7668688167139263
100000	126000	12.223890228702924	1.9023512303041323
100000	128000	38.835464483626936	3.796063529306121
100000	130000	11.234055424030899	3.1727866023175544
100000	138000	-9.040844230190455	0.27647223644270214
100000	140000	0.569302620871202	1.0268337751968604
100000	142000	-15.542593348681812	0.3403260495664597
100000	144000	5.116105532057407	1.4012318839067701
100000	148000	78.72374728793834	3.082294373036934
100000	150000	119.96936281068788	3.76384835543601
100000	152000	-10.537420668949455	0.2522229340812655
100000	156000	10.508442768390225	2.1302855815605817
100000	158000	-6.50151616885825	0.5248751634867156
100000	160000	-14.837962378638682	0.2735289435871292
102000	102000	-435.93843031503405	0.4906252279969016
102000	104000	-286.5159308052405	0.05452965153910391
102000	106000	-32.3947567971185	0.5252503856838474
102000	110000	-9.839917359142593	0.21875949883588203
102000	124000	1.5313659125706094	1.3524064186986977
102000	126000	-0.5207264121755015	0.9348776663432178
102000	128000	45.351790228702924	4.34780850806997
102000	130000	9.632664483626929	1.6935295408676478
102000	132000	0.7410954240308989	1.1433357899346568
102000	138000	-8.169851377454766	0.23499047946574242
102000	140000	-0.7136042301904553	0.9428911217150956
102000	142000	-4.0530973791288005	0.8089594181806306
102000	144000	-10.699423348681814	0.5458846082218061
102000	146000	24.608605532057407	2.9299361782272086
102000	148000	64.16996732500346	4.280919299587225
102000	150000	52.34544728793833	2.3845711630456856
102000	152000	-35.86336718931213	0.17378148800380588
102000	154000	4.779639331050545	1.3391821193638545
102000	158000	-6.290287231609776	0.3234182153848945
102000	160000	-10.956476168858249	0.19931077408907522
104000	104000	59.858569684965914	1.06994209082158
104000	106000	548.2353691947596	2.809115060703203
104000	110000	-10.614473620260302	0.6521050783125283
104000	122000	-3.7579402925940544	0.6043215578880149
104000	124000	-2.131311573365847	0.5670733486869185
104000	126000	2.627705912570609	1.6047022611910884
104000	128000	-2.025286412175501	0.7467165590214221
104000	138000	-21.14410432773491	0.14091395651290697
104000	142000	8.805695769809544	1.7047091183830785
104000	146000	-6.099823348681813	0.7411053306806775
104000	150000	-9.700452674996532	0.5040296306380125
104000	152000	6.224347287938329	1.164638038457393
104000	154000	169.10836281068788	4.895910251539294
104000	156000	47.56233933105054	4.375211797134223
104000	158000	2.29546013045752	1.7123471160810941
104000	160000	-4.300327231609776	0.5374578352844327
106000	106000	492.69956968496604	1.5756976525169846
106000	110000	-48.39185679711849	0.2908106859898383
106000	126000	13.456868426634156	3.7334515787868034
106000	128000	-1.6431040874293905	0.6218797726611375
106000	138000	-16.622970042554122	0.2675511758336217
106000	140000	-5.20992432773491	0.7883205073051959
106000	144000	19.234095769809542	2.5392812819300192
106000	146000	25.058002620871196	2.181095580030571
106000	150000	-2.269994467942592	0.8219751036948837
106000	152000	-1.010432674996533	0.9483380122738829
106000	154000	101.86774728793834	3.694468242165629
106000	156000	50.24156281068787	2.157462684602038
106000	158000	-6.787000668949456	0.5183675772221507
110000	110000	-195.65343031503403	0.7713876214438726
110000	126000	2.88118955993221	1.305158699166953
110000	128000	-7.657400292594055	0.1937423209270846
110000	130000	-2.0504715733658467	0.5834941249495275
110000	132000	5.3854859125706085	2.239337892937321
110000	138000	-11.792725516373068	0.15095106583957651
110000	150000	-14.1746273791288	0.33188650351065846
110000	152000	157.4559766513182	7.682900582080509
110000	154000	18.457505532057407	2.4475345886520157
110000	158000	-35.29756271206167	0.06635648391567858
122000	122000	-581.452430315034	0.32059855583658153
122000	124000	65.2483691947595	1.2153122801433636
122000	126000	-26.350956797118492	0.6138231055524895
122000	128000	-12.5650736202603	0.5881731436240004
122000	130000	41.214552640857406	4.272230506131406
122000	132000	46.28678600423024	6.328518802236535
122000	138000	-7.066420440067791	0.2515661936146294
122000	142000	5.9177684266341535	2.20205778460775
122000	150000	-9.834465516373069	0.2919412519929428
122000	156000	28.94627567226509	2.176088665451494
122000	158000	55.29478862254523	6.177700031228097
122000	160000	57.06699576980954	5.5670022368468866
124000	124000	-644.8484303150341	0.24652313417079222
124000	126000	-70.26563080524048	0.7681313208115677
124000	128000	-47.31465679711849	0.3065972000774158
124000	130000	17.8444263797397	1.5848604028830928
124000	132000	18.933752640857406	2.503245795892515
124000	138000	-4.471361802518864	0.33691115277267597
124000	142000	-4.2709102925940545	0.550310276535251
124000	148000	7.1796735878244995	1.8978939573656801
124000	150000	-5.896149771297072	0.5647541085002129
124000	152000	-11.552995516373068	0.16821107080650968
124000	156000	45.44633995744587	3.002477185441775
124000	158000	22.649875672265086	1.9202656104584808
124000	160000	29.679188622545237	3.779103414369895
126000	126000	94.86456968496589	1.1108450533244605
126000	128000	-114.44763080524046	0.6223356897682997
126000	130000	124.39054320288152	2.8229605111712885
126000	132000	-3.659873620260303	0.8800457288738095
126000	158000	30.927639957445876	2.362747659598844
126000	160000	23.863275672265086	1.9695661147035288
128000	128000	-604.590430315034	0.29356282635044617
128000	130000	-141.77963080524046	0.5321431636790643
128000	132000	23.26324320288151	1.3409260272419528
128000	138000	-2.270593995769767	0.7386100042115942
128000	140000	-4.069654664019046	0.7169261723866602
128000	142000	0.8110181974811361	1.1202714397535896
128000	144000	24.10958955993221	3.5535463163802277
128000	146000	2.810839707405945	1.2959569843737895
128000	150000	3.98871591257061	1.9179054322790432
128000	154000	-9.932149771297073	0.2668219856351077
128000	156000	4.761064483626935	1.3427856198026522
128000	158000	14.931055424030898	3.8878259861882225
128000	160000	-1.934560042554125	0.9147585404521182
130000	130000	-574.485430315034	0.3287391871500012
130000	132000	-108.76363080524047	0.6410922505136244
130000	138000	-7.463347359142593	0.4074473373700656
130000	140000	-4.520713995769767	0.47957696773780006
130000	142000	-2.399254664019047	0.8331145374157353
130000	150000	1.7370284266341534	1.35283714937594
130000	152000	0.9358059125706095	1.2153528477674465
130000	154000	-5.096116412175501	0.3626768575824698
130000	156000	16.111090228702928	2.1892991361518126
130000	158000	13.527564483626932	1.973953323229922
130000	160000	3.1596254240308985	1.6111053871953351
132000	132000	1083.469569684966	2.2659862646928053
132000	138000	-21.6710236202603	0.28972087218085496
132000	140000	15.751852640857408	2.250618760529821
132000	142000	12.042486004230234	2.3863268253999452
132000	150000	20.985739707405944	3.2096159458303015
132000	154000	5.4808259125706105	2.2612780626139033
132000	156000	26.3284735878245	4.292653496289752
132000	158000	33.99809022870293	3.5096935567881204
132000	160000	14.798764483626933	2.0654767800937495
138000	138000	-749.739430315034	0.12396264054428113
138000	140000	-168.25363080524045	0.4447819410943133
138000	142000	60.16454320288152	1.8817196517313004
138000	144000	55.9517263797397	2.8338470812159824
138000	146000	15.521252640857409	2.2323102673796162
138000	150000	-12.701954664019047	0.11648746103579506
138000	152000	-2.9120418025188637	0.568153388790357
138000	158000	-0.451521573365846	0.9082838355519335
138000	160000	-2.2698940874293907	0.4776393808886896
140000	140000	-420.407430315034	0.5087725144801399
140000	142000	222.31736919475958	1.7336223152783743
140000	144000	117.9525432028815	2.728610736110182
140000	146000	150.6934263797397	5.939055825540852
140000	150000	-3.497013995769767	0.5974249578175392
140000	158000	-2.332880292594054	0.7543679867329172
142000	142000	-512.509430315034	0.4011554016297626
142000	144000	14.162369194759549	1.046734225562847
142000	146000	130.2575432028815	2.9089422027344316
142000	150000	-5.061307359142592	0.5981573672335455
142000	158000	11.295589559932209	2.1963625942452154
142000	160000	9.255139707405945	1.974485749061034
144000	144000	-449.157430315034	0.4751794112419002
144000	146000	142.2053691947595	1.4692617251254096
144000	154000	12.771786004230233	2.4702835892615784
144000	160000	11.58438955993221	2.2269505963485856
146000	146000	660.5595696849659	1.7718346371977118
148000	148000	-157.34443031503406	0.816149993337915
148000	150000	352.89636919475953	2.164518329628084
148000	152000	-16.33615679711849	0.7605913763325411
150000	150000	118.72956968496601	1.1387302501516114
150000	152000	-296.45484080524045	0.021732366324938735
150000	154000	-64.63046679711849	0.05283162404435219
150000	158000	-1.097047359142591	0.9128998956621309
150000	160000	-1.718553995769767	0.802160658156714
152000	152000	342.959569684966	1.4007330862945846
152000	154000	-12.268630805240491	0.9595148981420734
152000	156000	-53.52385679711849	0.21560052047048445
152000	158000	-28.1599436202603	0.07704312705674872
152000	160000	-8.426857359142591	0.33094943522282355
154000	154000	176.51956968496597	1.206255308799885
154000	156000	-2.8836308052404434	0.9904843426520792
154000	158000	-60.83785679711849	0.1084128449816781
156000	156000	644.6695696849658	1.7532678750949076
156000	158000	39.441369194759545	1.1301520825440332
156000	160000	55.6465432028815	1.8155077406213158
158000	158000	-514.2564303150341	0.3991141094086424
158000	160000	145.11736919475953	1.4788709976254775
160000	160000	-489.534430315034	0.4280006728262341
