0	0	23.800261798613178	1.1331738437707914
0	2000	32.01752370935121	1.325518703794674
0	4000	3.3653112207175795	1.0588811669709282
0	6000	-0.9671437828491349	0.9784254742960887
0	8000	-10.303390309962982	0.7256189391414003
0	10000	-0.26603307713792645	0.9918780512020495
0	12000	1.532446555796355	1.052410770329609
0	14000	-3.2602058193057637	0.8776520768819833
0	16000	-0.5131649020024263	0.9793640041707224
0	18000	-2.975022961064063	0.8716751131370104
0	20000	-2.0798320905890364	0.906413493432976
0	22000	-0.3445061237142433	0.9840108962651805
0	24000	-0.29831317141727	0.9853429743002977
0	26000	1.0019159934792903	1.0493674228279803
0	28000	-1.3440716526625422	0.9330833947579817
0	30000	-0.6629041589185434	0.966160410718828
0	32000	1.8741889050448748	1.0937450163536206
0	34000	0.38591705399341336	1.0193101586828621
0	36000	-5.541348323023657	0.7303985007607336
0	38000	1.0773279564433302	1.0487157497021165
0	40000	-5.201637411282835	0.772645148776987
0	42000	-3.9335133876784845	0.8473365438867178
0	44000	-3.3286284243704465	0.8807982640160668
0	46000	1.3263304144308314	1.0426806705090839
0	48000	1.2976886333137045	1.0353618575530301
0	50000	2.9692194528449747	1.0710023968770737
0	52000	5.342457009253415	1.1137284780360235
0	54000	-4.087410433015748E-4	0.9999965078719827
2000	2000	329.03626179861317	2.8411151984154674
2000	4000	9.076523709351193	1.0922800357595017
2000	6000	0.06261122071758507	1.0010954772083573
2000	8000	-13.550443782849136	0.6977239549312337
2000	10000	-2.0201903099629774	0.9462019836472743
2000	12000	-0.15463307713793029	0.9952790760137972
2000	14000	-3.495653444203647	0.880446147291018
2000	16000	-1.0711058193057639	0.9598038959210288
2000	18000	-5.161764902002428	0.7924289861333319
2000	20000	-3.242522961064065	0.8601367459764517
2000	22000	-2.0282320905890394	0.9087353461251761
2000	24000	-3.3325061237142464	0.8453328331742939
2000	26000	-1.4403131714172694	0.9292330705051115
2000	28000	-3.22808400652071	0.8409425649342696
2000	30000	-3.461071652662543	0.8276854027560476
2000	32000	-0.9939041589185429	0.9492636935970935
2000	34000	-2.203611094955125	0.8897776218941805
2000	36000	-7.7687829460065885	0.6112728631509007
2000	38000	-2.1321483230236566	0.8962652497228314
2000	40000	-7.961972043556669	0.6399671660896337
2000	42000	-5.181037411282837	0.77354554024315
2000	44000	-5.4629133876784834	0.7879790518006281
2000	46000	-1.584928424370446	0.9432420217853036
2000	48000	-2.75996958556917	0.9111855151513506
2000	50000	-4.9566113666863	0.8649329426220542
2000	52000	-7.636980547155034	0.8173782933989474
2000	54000	-5.342442990746584	0.886271820385366
4000	4000	-45.66373820138685	0.7444895527335684
4000	6000	29.304523709351216	1.2979359259567673
4000	8000	3.388711220717582	1.0592905850653491
4000	10000	15.777556217150867	1.3519572768684418
4000	12000	17.47140969003702	1.4652666531337877
4000	14000	8.99796692286207	1.2747065418306902
4000	16000	10.568846555796352	1.3614621256379609
4000	18000	2.8432941806942367	1.1067022013645627
4000	20000	5.391735097997575	1.2168188482117213
4000	22000	6.253477038935934	1.2697379966555744
4000	24000	2.7773679094109625	1.124973627087135
4000	26000	5.482093876285756	1.2544331192924092
4000	28000	2.1459868285827284	1.1054388042885408
4000	30000	2.571715993479291	1.1267162034240907
4000	32000	5.26482834733746	1.2621173056420545
4000	34000	3.4099958410814573	1.1740717072901645
4000	36000	-4.144611094955126	0.7926907827540133
4000	38000	4.803717053993413	1.2403639269638653
4000	40000	-1.7336483230236581	0.9156533464790781
4000	42000	0.3990279564433301	1.0180436662150825
4000	44000	1.7473625887171629	1.076374289474451
4000	46000	5.791286612321514	1.2247654304035256
4000	48000	7.797071575629548	1.2792214536778188
4000	50000	6.251230414430832	1.201161567805244
4000	52000	4.661088633313703	1.1270140988076618
4000	54000	4.667819452844974	1.1116207052408558
6000	6000	-68.26873820138685	0.6180037701858253
6000	8000	12.342523709351198	1.125485104841184
6000	10000	19.38691122071758	1.3392030875510614
6000	12000	21.50725621715086	1.4797723568160557
6000	14000	11.689809690037023	1.3113016480493809
6000	16000	12.438166922862074	1.3797353170315376
6000	18000	3.7720465557963543	1.1290066951833766
6000	20000	7.188894180694238	1.26978243745066
6000	22000	6.186535097997574	1.2487802887177053
6000	24000	3.4775770389359337	1.1500020960911075
6000	26000	5.373767909410965	1.2418042148783848
6000	28000	1.559793876285756	1.072392635068385
6000	30000	2.6244868285827287	1.1289489522447549
6000	32000	4.065615993479291	1.2003251621019666
6000	34000	2.4553283473374563	1.122242171712232
6000	36000	-4.657404158918542	0.7622512368736063
6000	38000	3.7871889050448715	1.189431324068788
6000	40000	-3.2001829460065885	0.8398722216027528
6000	42000	0.006851676976342702	1.0003333525123208
6000	44000	-0.17707204355667017	0.9919929699201093
6000	46000	4.528862588717164	1.1979489915682768
6000	48000	5.604986612321515	1.2175349473541999
6000	50000	2.5170715756295543	1.0901390191870406
6000	52000	2.870130414430836	1.0923594069800402
6000	54000	-1.002111366686293	0.9726925870418206
8000	8000	389.465261798613	3.179244344780323
8000	10000	11.070523709351193	1.1125528182913067
8000	12000	1.9659112207175866	1.034396565204573
8000	14000	-3.74554378284914	0.9164464146373893
8000	16000	-0.3821903099629864	0.9898222061338278
8000	18000	-5.680033077137928	0.82658946654494
8000	20000	-3.230153444203644	0.8895264375431503
8000	22000	-0.9472058193057649	0.9644535740439732
8000	24000	-3.5645649020024273	0.8566574873615125
8000	26000	-0.9338229610640632	0.9597204030365708
8000	28000	-4.356732090589038	0.8039594935323839
8000	30000	-3.5612061237142427	0.8347184847710523
8000	32000	-2.1382131714172665	0.8949431389301026
8000	34000	-3.2558840065207058	0.8395727750880653
8000	36000	-8.417071652662543	0.5809435754714066
8000	38000	-2.136504158918541	0.8909368386626711
8000	40000	-7.643411094955127	0.6176843774043912
8000	42000	-5.502482946006587	0.7246718751150544
8000	44000	-4.6744483230236575	0.7725755172676099
8000	46000	-2.3129720435566696	0.895409595130258
8000	48000	-2.121537411282837	0.9072711562978185
8000	50000	-4.495113387678483	0.8255403051293306
8000	52000	-6.035628424370444	0.7838577052724046
8000	54000	-7.687769585569168	0.7526112972594099
10000	10000	-15.29473820138685	0.914418627283111
10000	12000	33.4685237093512	1.340270864002121
10000	14000	18.55501122071759	1.3246477493994029
10000	16000	16.42765621715087	1.3664593596081915
10000	18000	4.987109690037016	1.1328075911137134
10000	20000	6.9621669228620675	1.212553881940601
10000	22000	9.759746555796351	1.3337903258526493
10000	24000	5.114194180694238	1.1919237836841317
10000	26000	7.258735097997569	1.291896867115436
10000	28000	3.2530770389359347	1.140318494492807
10000	30000	2.056967909410961	1.0925576836867283
10000	32000	3.996993876285753	1.1855071515895057
10000	34000	2.4810868285827326	1.121903277810228
10000	36000	-5.341984006520709	0.7367843363050699
10000	38000	3.4970283473374586	1.1741047547393528
10000	40000	-3.4992041589185447	0.8213744325545516
10000	42000	-1.1542110949551265	0.9422675389439957
10000	44000	0.27041705399341254	1.013530877086489
10000	46000	4.929351676976346	1.2398262164586797
10000	48000	4.420327956443334	1.1998830430784322
10000	50000	3.621362588717165	1.1582836879011382
10000	52000	1.3164866123215155	1.051094117740498
10000	54000	0.6350715756295529	1.0227425908325625
12000	12000	-13.501738201386843	0.9244513195241242
12000	14000	33.9855237093512	1.345527147135994
12000	16000	26.594711220717585	1.465314358532579
12000	18000	7.168956217150864	1.15992123706932
12000	20000	11.49170969003702	1.3060262108854088
12000	22000	12.331166922862067	1.3764686235409003
12000	24000	8.252146555796354	1.2822293255358341
12000	26000	10.548294180694231	1.3958528868955322
12000	28000	4.320935097997573	1.1737585682748721
12000	30000	4.892177038935934	1.2110195696811126
12000	32000	6.716767909410962	1.3022353808788658
12000	34000	4.119693876285755	1.1912018632164305
12000	36000	-3.7518131714172682	0.8156621049862214
12000	38000	4.769715993479291	1.2350182927031395
12000	40000	-3.0029716526625414	0.8504925922393193
12000	42000	0.5989958410814609	1.0305772304648002
12000	44000	1.1711889050448718	1.0585816737902318
12000	46000	5.834517053993416	1.291942138821364
12000	48000	7.142551676976343	1.3475043488072995
12000	50000	3.7289279564433286	1.1686185900002437
12000	52000	3.720162588717166	1.162602070272833
12000	54000	1.1788866123215165	1.0457537287572063
14000	14000	-21.251738201386843	0.881086364215785
14000	16000	0.5944237093511902	1.0060434416205744
14000	18000	-7.389488779282416	0.8707098113350857
14000	20000	0.3822562171508679	1.0085271670341571
14000	22000	4.966609690037018	1.1322616725783199
14000	24000	1.9402669228620653	1.0592360497851636
14000	26000	4.398546555796347	1.150433444121082
14000	28000	0.32339418069423687	1.0121362295969454
14000	30000	0.8514350979975731	1.034238918255355
14000	32000	2.5229770389359345	1.1088263006089794
14000	34000	0.6743679094109609	1.0303446307364192
14000	36000	-7.057006123714244	0.6724725768215472
14000	38000	1.6499868285827297	1.0810688285596333
14000	40000	-5.30288400652071	0.7387109112326453
14000	42000	-2.2886716526625435	0.8860550795737461
14000	44000	-1.0338041589185423	0.9472268989954102
14000	46000	2.1470889050448747	1.1073951958494226
14000	48000	3.309017053993415	1.165573518287688
14000	50000	0.45875167697634467	1.0223195028865941
14000	52000	0.10702795644333207	1.0048397028091944
14000	54000	-1.113337411282835	0.951337888151493
16000	16000	-44.914738201386854	0.7486805658336904
16000	18000	-21.13157629064881	0.7851575472946012
16000	20000	0.36571122071758566	1.0063986662860922
16000	22000	7.708756217150864	1.1719628064631311
16000	24000	5.514109690037017	1.1468416919991917
16000	26000	8.24326692286207	1.2516656672756994
16000	28000	2.9341465557963495	1.1003499147605458
16000	30000	3.3573941806942393	1.1259951757229627
16000	32000	5.546935097997572	1.223059934732266
16000	34000	3.4127770389359355	1.1472070075228677
16000	36000	-5.664032090589036	0.7451347256154602
16000	38000	3.8557938762857553	1.1789538241101105
16000	40000	-3.1283131714172683	0.8462965402018944
16000	42000	-0.5755840065207067	0.9716392400082811
16000	44000	0.017928347337456074	1.0008925894233733
16000	46000	4.590095841081457	1.2343128428652668
16000	48000	5.360788905044874	1.2681411901537787
16000	50000	2.572117053993413	1.1287012013321285
16000	52000	3.1151516769763425	1.1515605072110444
16000	54000	0.7193279564433332	1.0325273288140757
18000	18000	-102.23903820138685	0.4279237003392605
18000	20000	-26.116076290648806	0.73448067441106
18000	22000	-0.24008877928241645	0.9957992867305271
18000	24000	0.9865562171508699	1.0220075678949951
18000	26000	5.180209690037017	1.1379498774153944
18000	28000	-0.4679330771379355	0.985714075353828
18000	30000	-0.05115344420364565	0.9982505155526729
18000	32000	2.4686941806942357	1.0926443367571776
18000	34000	-0.1982649020024283	0.9920271365503581
18000	36000	-8.071922961064066	0.651825006293453
18000	38000	1.1787679094109649	1.0530411907741277
18000	40000	-5.866006123714245	0.7277488730535572
18000	42000	-2.66261317141727	0.8691777855586528
18000	44000	-1.9394840065207077	0.9044357734169731
18000	46000	0.9835283473374581	1.0489664208249168
18000	48000	2.0888958410814595	1.1066328765061058
18000	50000	-0.534011094955126	0.9732893100077421
18000	52000	-0.294482946006589	0.9852649361878656
18000	54000	-1.5710483230236534	0.9235642737879004
20000	20000	-80.75643820138686	0.5481291182627352
20000	22000	17.1765237093512	1.1746318604874952
20000	24000	18.409811220717586	1.3221072576340214
20000	26000	18.041656217150866	1.4024636074807588
20000	28000	5.835709690037021	1.1554059554617535
20000	30000	4.873966922862074	1.1488014581354706
20000	32000	6.513946555796355	1.2227816399755471
20000	34000	2.7096941806942354	1.1016885048574974
20000	36000	-7.6807649020024265	0.6911319697335154
20000	38000	3.3591770389359326	1.1448950206824717
20000	40000	-5.463332090589038	0.754165652656634
20000	42000	-2.3326061237142426	0.8917398597086237
20000	44000	-1.0640131714172725	0.9477218242687968
20000	46000	2.646215993479288	1.1303870431198546
20000	48000	3.352428347337458	1.1669056287858905
20000	50000	1.0015958410814605	1.0511289474231393
20000	52000	0.712088905044876	1.0356179603181812
20000	54000	-0.40968294600658695	0.9795006657125224
22000	22000	-26.37473820138686	0.8524207298874465
22000	24000	66.0575237093512	1.6715997054910807
22000	26000	43.18171122071759	1.7555288000779097
22000	28000	15.608856217150866	1.3481940075895682
22000	30000	11.398309690037024	1.3035389527778116
22000	32000	11.472866922862067	1.3502648569706754
22000	34000	4.204946555796358	1.1438121853910905
22000	36000	-6.781505819305764	0.7455058979124565
22000	38000	4.111635097997574	1.1653419483731327
22000	40000	-5.386422961064067	0.7676615857688937
22000	42000	-1.88623209058904	0.9151249407432462
22000	44000	-1.121006123714242	0.9479722362952764
22000	46000	3.1694868285827305	1.1557264457372036
22000	48000	3.3230159934792916	1.1637350203828485
22000	50000	2.207128347337459	1.1098851657533848
22000	52000	1.6706958410814572	1.0852848188012438
22000	54000	0.6273889050448744	1.0313813527575566
24000	24000	32.946261798613165	1.1843500865127359
24000	26000	60.4555237093512	1.6146447768335228
24000	28000	17.531311220717583	1.3067365825934731
24000	30000	12.372756217150865	1.2760048213811326
24000	32000	10.633909690037015	1.283182848950753
24000	34000	2.15166692286207	1.0656900591676004
24000	36000	-8.609853444203647	0.705536842554843
24000	38000	2.389794180694235	1.0896834037152057
24000	40000	-7.162564902002426	0.7119704428968283
24000	42000	-3.652822961064068	0.8424388317858825
24000	44000	-2.8861320905890366	0.8701322952600885
24000	46000	1.1218938762857569	1.0520689657820732
24000	48000	1.61628682858273	1.0794130459345037
24000	50000	0.5711159934792889	1.0281406075134152
24000	52000	-0.04297165266254055	0.9978605923931807
24000	54000	-0.37650415891854294	0.9807804100652473
26000	26000	17.821261798613165	1.0997184801851707
26000	28000	22.925523709351197	1.233081322260487
26000	30000	15.129011220717587	1.2647047412162291
26000	32000	15.499556217150868	1.345755801708235
26000	34000	5.844909690037021	1.155650953048369
26000	36000	-8.70823307713793	0.7341389877753318
26000	38000	5.99174655579635	1.2049220257771913
26000	40000	-6.011905819305763	0.7743871915639341
26000	42000	-1.691164902002427	0.931992870657827
26000	44000	-0.5361229610640663	0.9768748277833154
26000	46000	4.380867909410963	1.197126549411611
26000	48000	3.9472938762857552	1.183200491704761
26000	50000	2.3485868285827323	1.1153931532455503
26000	52000	2.007115993479289	1.0988966585619657
26000	54000	0.778628347337456	1.0387651697331848
28000	28000	-6.964738201386837	0.9610289598919453
28000	30000	3.386523709351195	1.034430420611072
28000	32000	8.060811220717582	1.141035981601428
28000	34000	-0.6679437828491359	0.9850998677059228
28000	36000	-14.442290309962981	0.6153993183541008
28000	38000	1.4581669228620697	1.0445176111698713
28000	40000	-9.215953444203649	0.6848077882353802
28000	42000	-4.477005819305763	0.8319884098924851
28000	44000	-2.8980649020024245	0.8834595760595981
28000	46000	1.3442770389359318	1.0579841571616875
28000	48000	1.0823679094109622	1.0487034659770718
28000	50000	-0.46120612371424485	0.978594654644462
28000	52000	0.3308868285827309	1.0162574677047909
28000	54000	-1.3126840065207084	0.9353200998774408
30000	30000	-31.940738201386836	0.8212762987589025
30000	32000	-0.34967629064880157	0.9964448789383895
30000	34000	-2.8007887792824135	0.9509959997910488
30000	36000	-19.072143782849135	0.5745488276214722
30000	38000	1.2136096900370177	1.0323186353426448
30000	40000	-10.77653307713793	0.6709941078997687
30000	42000	-5.9852534442036465	0.7953000432921167
30000	44000	-3.341705819305762	0.8745935719019998
30000	46000	1.1886350979975724	1.0477988046904554
30000	48000	1.7249770389359362	1.0744053025000977
30000	50000	-0.3699320905890353	0.9833541120064847
30000	52000	-0.7257061237142466	0.9663187685375211
30000	54000	-1.8833131714172708	0.9074671446020753
32000	32000	-53.12373820138686	0.7027472860754765
32000	34000	-12.405376290648803	0.8738758797565044
32000	36000	-23.652988779282417	0.5861554874626264
32000	38000	3.2063562171508693	1.071525677825308
32000	40000	-11.346390309962981	0.6978436692674839
32000	42000	-3.8546330771379296	0.8823186468982994
32000	44000	-1.6918534442036446	0.9421373998589881
32000	46000	3.771094180694238	1.1415203721673703
32000	48000	4.361735097997574	1.1753992662776958
32000	50000	1.988577038935933	1.0857754467375678
32000	52000	1.941367909410964	1.0873560137018767
32000	54000	0.7180938762857565	1.0333279343643693
34000	34000	-114.47623820138685	0.35945071568129805
34000	36000	-45.2653762906488	0.5397918105513363
34000	38000	-3.4072887792824176	0.9403843726856503
34000	40000	-16.707343782849136	0.6273015199195189
34000	42000	-8.20649030996298	0.7814597477690283
34000	44000	-4.754633077137928	0.8548417857620972
34000	46000	0.1956465557963547	1.006691252404749
34000	48000	2.679194180694239	1.1005439109692827
34000	50000	-0.8213649020024256	0.9669703001395897
34000	52000	0.36227703893593244	1.0156264878096553
34000	54000	-1.4481320905890378	0.9348381900543488
36000	36000	100.14526179861312	1.5603606196437152
36000	38000	-34.7483762906488	0.6467170131024851
36000	40000	-35.08238877928242	0.3861809930876217
36000	42000	-22.189543782849135	0.5050075374616573
36000	44000	-16.46199030996298	0.5616143590402469
36000	46000	-11.893233077137928	0.6369014291988832
36000	48000	-9.082953444203646	0.6893564835405914
36000	50000	-8.365405819305764	0.6860658238290689
36000	52000	-8.578264902002427	0.6550406349900318
36000	54000	-7.792622961064067	0.6638723556315616
38000	38000	-58.091738201386846	0.6749489508533051
38000	40000	-39.8192762906488	0.5951617207551787
38000	42000	-19.729388779282417	0.6548047539271623
38000	44000	-10.708443782849137	0.7611217693388149
38000	46000	-2.2102903099629856	0.9411395878629678
38000	48000	1.3149669228620695	1.0401457372646448
38000	50000	-1.6381534442036454	0.9439739783393628
38000	52000	-0.5118058193057635	0.9807931208940946
38000	54000	-0.9485649020024276	0.9618551828366692
40000	40000	-17.975738201386832	0.8994171504854778
40000	42000	-47.8729762906488	0.5132806231240874
40000	44000	-25.355288779282418	0.5563711959184883
40000	46000	-15.182843782849133	0.6613092497099332
40000	48000	-9.353690309962982	0.7509096139249657
40000	50000	-11.11023307713793	0.660806298387379
40000	52000	-8.450753444203649	0.710978176562806
40000	54000	-8.626005819305764	0.6762861134268143
42000	42000	-90.98383820138685	0.4909019254987986
42000	44000	-49.9966762906488	0.49168919470744055
42000	46000	-18.485688779282412	0.6765651506806396
42000	48000	-10.54664378284913	0.7647311171119138
42000	50000	-10.077990309962981	0.7316213800134818
42000	52000	-7.66223307713793	0.7660732063847402
42000	54000	-6.672453444203647	0.7717973108579725
44000	44000	-91.83533820138685	0.48613737589298556
44000	46000	-31.607276290648812	0.6786522373806456
44000	48000	-15.195588779282417	0.7341303845462145
44000	50000	-13.763843782849133	0.6929635419845138
44000	52000	-8.00569030996298	0.7868070863986375
44000	54000	-6.856433077137929	0.7906741560553531
46000	46000	-58.72073820138685	0.6714293951256993
46000	48000	-12.586176290648794	0.8720377056934401
46000	50000	-11.913388779282421	0.791557396063673
46000	52000	-4.133643782849134	0.9077888876241654
46000	54000	-3.416790309962984	0.9090102847921333
48000	48000	-73.65273820138685	0.5878777160722642
48000	50000	-19.867076290648797	0.7980135821549157
48000	52000	-6.255488779282416	0.8905508420647176
48000	54000	-3.452743782849133	0.9229780402737509
50000	50000	-23.037738201386844	0.8710928403215018
50000	52000	-9.534476290648797	0.9030640098320101
50000	54000	-6.490188779282413	0.8864444135706747
52000	52000	-12.379738201386857	0.9307294459571508
52000	54000	19.440523709351197	1.1976497038435665
54000	54000	158.23526179861315	1.8854019427226094
