chromosome1	x1	x2	chromosome2	y1	y2	color	APScoreAvg	ProbabilityofEnrichment	RegAPScoreAvg	Avg_diffMaxNeihgboor_1	Avg_diffMaxNeihgboor_2	avg	std	value
chr5	3074000	3076000	chr5	3106000	3108000	0,0,0	5.2240963	1.0	2.872873	1.8510065	2.279794	2.912569	1.0992734	4.557908
chr5	2640000	2642000	chr5	2676000	2678000	0,0,0	7.351674	1.0	2.9910154	2.7028718	4.17425	3.5595622	1.6108015	5.9621153
chr5	4570000	4572000	chr5	4602000	4604000	0,0,0	8.110809	1.0	4.4669166	0.9512389	2.0382538	2.7356	0.69110334	3.5811455
chr5	2202000	2204000	chr5	2232000	2234000	0,0,0	7.563478	1.0	2.7746205	2.823396	3.4227839	2.3770583	1.1679653	4.8867435
chr5	304000	306000	chr5	338000	340000	0,0,0	6.17765	1.0	2.720899	2.4666111	3.2728984	2.9614758	1.0429417	5.1540194
chr5	4742000	4744000	chr5	4774000	4776000	0,0,0	5.055437	1.0	2.9461594	1.1141624	1.6820621	2.4443185	0.6625562	3.434685
chr5	1770000	1772000	chr5	1798000	1800000	0,0,0	5.414757	1.0	3.3438952	1.2131474	1.2779951	2.0753436	0.7550637	3.1536968
chr5	3948000	3950000	chr5	3986000	3988000	0,0,0	5.9642587	1.0	3.3625114	1.49823	2.365931	3.2384465	0.8982435	4.5702066
chr5	3112000	3114000	chr5	3150000	3152000	0,0,0	4.260036	0.9867569	2.9446793	1.2993815	1.4367652	3.1697233	0.627964	4.324729
chr5	3268000	3270000	chr5	3322000	3324000	0,0,0	18.068209	1.0	5.466271	12.285914	17.54089	10.811701	5.085356	21.732513
chr3	3390000	3392000	chr3	3424000	3426000	0,0,0	5.9156485	1.0	3.194544	1.6621007	2.599827	3.2961383	0.6785263	4.773561
chr3	5386000	5388000	chr3	5420000	5422000	0,0,0	4.012273	0.9860835	2.619351	1.1606596	1.7386934	3.2434263	0.6109194	4.2751236
chr3	2766000	2768000	chr3	2798000	2800000	0,0,0	3.8138638	1.0	2.027046	1.3527373	2.0412655	2.509977	0.6651881	3.7124102
chr3	3972000	3974000	chr3	3996000	3998000	0,0,0	4.312361	1.0	2.0617783	1.296847	2.4266665	2.618259	0.6542164	3.771012
chr3	4964000	4966000	chr3	5002000	5004000	0,0,0	4.1219134	0.9876873	2.0507345	1.773422	2.5659378	2.8212025	0.75370663	4.397578
chr3	4836000	4838000	chr3	4872000	4874000	0,0,0	6.284856	1.0	2.8191066	2.4675045	2.7568984	2.4381647	1.3078431	4.631502
chr3	4114000	4116000	chr3	4144000	4146000	0,0,0	3.8114207	1.0	2.230393	1.3142341	1.7617875	2.5638297	0.7920813	3.7320378
chr3	2368000	2370000	chr3	2394000	2396000	0,0,0	5.2834177	1.0	2.678472	1.6583831	2.2686353	2.547061	0.953464	4.021179
chr3	5836000	5838000	chr3	5866000	5868000	0,0,0	5.113474	1.0	2.671062	1.7184255	2.0239086	2.3356466	0.93639994	3.8631363
chr4	5422000	5424000	chr4	5444000	5446000	0,0,0	4.02856	1.0	2.8715694	0.67628396	1.0683568	2.5331497	0.55023336	3.134291
chr4	1266000	1268000	chr4	1300000	1302000	0,0,0	8.455575	1.0	5.3167863	1.2326422	2.712599	4.6436906	0.68112093	5.7393727
chr4	4170000	4172000	chr4	4208000	4210000	0,0,0	4.328865	1.0	2.474784	1.269681	1.8414433	2.5715985	0.5424609	3.700204
chr4	4760000	4762000	chr4	4788000	4790000	0,0,0	5.3093324	1.0	2.2910407	2.7364671	2.8058703	2.2667627	1.1396302	4.6991777
chr4	1720000	1722000	chr4	1748000	1750000	0,0,0	5.0390105	1.0	2.4344602	1.1061361	1.6540844	1.7496752	0.3874287	2.732907
chr4	806000	808000	chr4	832000	834000	0,0,0	5.9476047	1.0	2.290951	1.9979275	3.3163295	2.7161558	0.9156988	4.492091
chr4	2270000	2272000	chr4	2306000	2308000	0,0,0	4.792673	1.0	2.8003476	1.244243	1.856399	2.7098448	0.9058455	3.8158386
chr4	1204000	1206000	chr4	1238000	1240000	0,0,0	8.782921	1.0	3.8757381	2.5262957	4.307715	4.135704	1.4209646	6.3813004
chr4	2700000	2702000	chr4	2734000	2736000	0,0,0	4.1516795	1.0	2.4107056	1.2688026	1.6998931	2.4347758	0.71639776	3.5626006
chr4	2134000	2136000	chr4	2168000	2170000	0,0,0	4.1784763	1.0	2.4153798	1.1006086	1.5289569	2.175458	0.6609358	3.1537766
chr4	632000	634000	chr4	678000	680000	0,0,0	5.956857	1.0	2.7910483	2.189853	3.185743	3.2084112	1.074382	5.154947
chr4	2232000	2234000	chr4	2256000	2258000	0,0,0	4.5329075	1.0	2.5489836	1.0707053	1.9632788	2.7019713	0.7664183	3.6537092
chr4	4060000	4062000	chr4	4094000	4096000	0,0,0	4.0188017	0.9825858	2.5024958	0.86947876	1.953406	3.2780201	0.64722866	4.05089
chr4	4616000	4618000	chr4	4648000	4650000	0,0,0	3.4347298	0.970077	2.273936	1.1608984	1.2727697	2.477582	0.7665469	3.5094917
chr4	1942000	1944000	chr4	1976000	1978000	0,0,0	6.454813	1.0	3.417733	1.7460307	2.063728	2.442574	0.64491016	3.9946012
chr4	3874000	3876000	chr4	3902000	3904000	0,0,0	9.513713	1.0	3.6481793	3.512458	3.5281405	2.3633077	1.9372748	5.4854927
chr1	2202000	2204000	chr1	2252000	2254000	0,0,0	8.71057	0.99993813	4.984064	2.3297684	5.3134384	7.6205115	1.6215175	9.691417
chr1	626000	628000	chr1	658000	660000	0,0,0	6.1485467	1.0	3.0329752	2.4087653	3.5729077	3.892751	1.0293188	6.0338755
chr1	1984000	1986000	chr1	1992000	1994000	0,0,0	5.0254145	1.0	3.609641	0.50476646	0.6405466	1.5798204	0.24279477	2.0285017
chr1	4344000	4346000	chr1	4374000	4376000	0,0,0	6.3565354	1.0	3.160997	2.2001224	2.2526026	2.3125513	1.692522	4.2682157
chr2	1206000	1208000	chr2	1238000	1240000	0,0,0	5.360103	1.0	2.74765	1.1217523	3.2064464	3.9498355	0.63315374	4.9469485
chr2	4000000	4002000	chr2	4034000	4036000	0,0,0	6.6886473	1.0	3.2150648	2.6800427	3.3422933	3.388078	1.1967068	5.770338
chr2	488000	490000	chr2	516000	518000	0,0,0	7.300193	1.0	4.617318	1.5279901	1.5659444	2.6992865	0.7006406	4.0575
chr2	8382000	8384000	chr2	8410000	8412000	0,0,0	4.5338144	1.0	2.5221205	1.2497858	1.4986191	1.9520046	0.8817012	3.0629253
chr2	6394000	6396000	chr2	6430000	6432000	0,0,0	4.980388	1.0	2.8958597	0.7336366	1.5658071	2.3030527	0.42436886	2.9551742
chr2	8308000	8310000	chr2	8368000	8370000	0,0,0	22.44599	1.0	6.608924	21.812069	24.48101	12.710261	9.733645	32.098766
chr2	1096000	1098000	chr2	1124000	1126000	0,0,0	7.494328	1.0	3.1375842	2.2740028	2.9702938	2.5004137	0.96112865	4.5217495
chr2	4306000	4308000	chr2	4334000	4336000	0,0,0	4.6130033	1.0	2.5033684	1.0279055	2.650131	3.514274	0.7021438	4.4279675
chr2	8324000	8326000	chr2	8374000	8376000	0,0,0	6.2720075	0.9999684	3.2729602	2.4154782	6.5346375	8.215717	1.5382619	10.362809
chr2	1522000	1524000	chr2	1554000	1556000	0,0,0	4.87563	0.9940001	2.6651313	1.8825334	2.6832967	3.4431744	0.8454453	5.1165376
chr2	2172000	2174000	chr2	2210000	2212000	0,0,0	4.5739107	0.9938875	2.7761629	1.2919798	2.4848177	3.9495192	0.82692075	5.0979457
chr2	6270000	6272000	chr2	6306000	6308000	0,0,0	9.056462	1.0	3.8749986	4.045382	5.911635	5.279674	1.4882407	8.875569
chr2	620000	622000	chr2	652000	654000	0,0,0	4.6795244	1.0	2.5013623	1.4014006	2.3784952	2.9880948	0.93050295	4.233784
chr2	3788000	3790000	chr2	3816000	3818000	0,0,0	4.536447	1.0	2.586127	1.3032204	1.3345647	1.7982829	0.61399615	2.9567008
chr2	766000	768000	chr2	802000	804000	0,0,0	4.687164	1.0	3.1002045	1.5112374	1.7127354	3.3225384	0.6672938	4.6658607
chr2	566000	568000	chr2	558000	560000	0,0,0	8.016149	1.0	4.5053744	0.7338521	1.2606277	1.7260503	0.4464824	2.3783631
chr2	454000	456000	chr2	488000	490000	0,0,0	14.134667	1.0	8.296965	1.3897705	2.5502365	3.7933354	0.80487204	5.028687
chr2	7764000	7766000	chr2	7800000	7802000	0,0,0	5.3767376	1.0	3.2187738	1.5153642	1.848417	2.8087227	0.6777626	4.155713
