0	0	-5.581386106721823	0.9657328007715845
0	2000	19.769712435286408	1.1694988142032345
0	4000	-5.542990813093397	0.9247010178234837
0	6000	-8.945998074302913	0.8458753052241428
0	8000	-9.46215194385941	0.8088633780399076
0	10000	-8.814568521034865	0.7945737114468199
0	12000	-9.30719855606542	0.7581132114785494
0	14000	-7.3413808424181575	0.7928538227107328
0	16000	-5.547906861801202	0.8284044970555785
0	18000	-4.429834479025928	0.8531793231143091
0	20000	-4.462422597074745	0.8442012458373082
0	22000	-2.8927525540578785	0.8969661615129252
0	24000	-0.5677951778363095	0.9789523038732922
0	26000	-1.9818533192163912	0.9257781578788643
0	28000	-2.4790992314312064	0.907099735331735
0	30000	-2.757242274829931	0.8981178003999088
0	32000	-1.133171163639382	0.9580573718552579
0	34000	-1.9147040643658322	0.9299441376441789
0	36000	4.213849745831176	1.1481441665073804
0	38000	1.2520954577846624	1.0430674360714993
0	40000	0.08774289954375902	1.0029131343672897
0	42000	-0.5929725039531313	0.9816341400966442
0	44000	-1.373853693976038	0.9610047997045614
0	46000	-1.5757482673169534	0.9601663790401246
0	48000	-1.6534691614294843	0.9639158346708051
0	50000	1.361039671218208	1.025055607892459
0	52000	1.5811940058529785	1.025095208139764
0	54000	-7.065992733146231E-6	0.9999999283972124
2000	2000	314.5416138932782	2.9311439744201726
2000	4000	23.5717124352864	1.20209587365517
2000	6000	8.677909186906604	1.1178854072156834
2000	8000	-1.9911980743029076	0.9656949629441852
2000	10000	0.4227480561405983	1.0085395622338686
2000	12000	0.9660314789651423	1.0225136671041557
2000	14000	2.1994014439345833	1.0571607179902778
2000	16000	1.3025191575818411	1.036752195551572
2000	18000	2.051593138198797	1.063455311193211
2000	20000	1.1393655209740707	1.0377626788995546
2000	22000	0.0396774029252569	1.0013852766764444
2000	24000	-0.8220525540578798	0.9707201952120401
2000	26000	-1.2406951778363116	0.9540084591974136
2000	28000	-1.1428533192163925	0.9571993155073485
2000	30000	0.12300076856879372	1.0046092563821434
2000	32000	0.744057725170066	1.0274934989796798
2000	34000	-0.15917116363938533	0.9941085185167868
2000	36000	1.72459593563417	1.0631001196136343
2000	38000	0.34804974583117954	1.0122362074134883
2000	40000	-0.3524045422153357	0.9878785918447319
2000	42000	0.10754289954375906	1.0035705101865555
2000	44000	1.4300274960468684	1.0442915725016808
2000	46000	1.0571463060239594	1.0300058384133197
2000	48000	2.2758517326830514	1.0575316610913572
2000	50000	2.8358308385705158	1.0618872073405594
2000	52000	0.6608396712182127	1.0121655084946972
2000	54000	-1.5811059941470305	0.974906188698367
4000	4000	-37.27138610672182	0.7711704603807856
4000	6000	23.607712435286373	1.2024045254542937
4000	8000	6.518709186906605	1.0885536677634942
4000	10000	4.736701925697098	1.0816055103610303
4000	12000	4.27244805614059	1.0863039712103368
4000	14000	6.021631478965141	1.1403360133632017
4000	16000	3.1740014439345785	1.0824898073690978
4000	18000	4.748919157581845	1.133996651428973
4000	20000	3.593093138198796	1.1111335571295438
4000	22000	0.7422655209740725	1.024601354008669
4000	24000	-1.3274225970747437	0.9536550422169293
4000	26000	-0.1325525540578809	0.9952787533013527
4000	28000	-1.1991951778363124	0.9555468297636924
4000	30000	-1.393353319216395	0.9478179090878784
4000	32000	-0.9723992314312078	0.9635608995324384
4000	34000	-1.4992422748299283	0.9446018574111196
4000	36000	-0.8029711636393841	0.9702792287624825
4000	38000	-0.3790040643658301	0.9861328666608835
4000	40000	-1.0125502541688185	0.9644022871012247
4000	42000	0.5794954577846632	1.019932492707882
4000	44000	0.11204289954376279	1.0037199137818433
4000	46000	1.3811274960468651	1.042777015682795
4000	48000	2.4580463060239666	1.0697687158823035
4000	50000	4.3720517326830475	1.1105218740511127
4000	52000	2.842130838570519	1.0620246941754379
4000	54000	-2.0218603287817913	0.9627792336384049
6000	6000	-42.637386106721834	0.7382256349299484
6000	8000	24.121712435286412	1.2068113872528985
6000	10000	6.542509186906599	1.0888769798230358
6000	12000	10.309701925697084	1.177619048129736
6000	14000	9.180148056140595	1.185440109074018
6000	16000	6.796531478965143	1.1583953013045212
6000	18000	6.762201443934579	1.17574431025139
6000	20000	3.6984191575818386	1.1043554893760454
6000	22000	0.16709313819880123	1.005168152927224
6000	24000	-2.387134479025928	0.9208817616804444
6000	26000	-1.2632225970747442	0.955896488382024
6000	28000	-2.9446525540578783	0.895117591295615
6000	30000	-1.880795177836312	0.9302804833064495
6000	32000	-2.158853319216391	0.9191493796902568
6000	34000	-1.9446992314312048	0.9271255176034918
6000	36000	-1.5927422748299342	0.9411469612819079
6000	38000	-1.6482711636393823	0.9389917192419582
6000	40000	-1.9760040643658314	0.9277012717923043
6000	42000	-1.18565025416882	0.9583166986799011
6000	44000	-0.5305045422153363	0.9817526129374167
6000	46000	0.3862428995437597	1.0128235728547064
6000	48000	0.7213274960468681	1.0223413390140637
6000	50000	0.9145463060239578	1.025958307306833
6000	52000	-0.9411482673169544	0.9762085454098702
6000	54000	-4.024369161429483	0.9121749558115797
8000	8000	148.1826138932782	1.909774571293857
8000	10000	-1.0832875647136007	0.9907122595606229
8000	12000	4.785609186906598	1.065010300940324
8000	14000	8.114501925697098	1.13979939657584
8000	16000	6.368348056140597	1.1286414065361494
8000	18000	3.4772314789651375	1.0810379720186496
8000	20000	2.0966014439345813	1.054489026641886
8000	22000	0.2977191575818452	1.0084005157507325
8000	24000	-1.3789068618012017	0.95735072300989
8000	26000	-1.9597344790259257	0.9350473377528811
8000	28000	-1.743922597074743	0.9391135729371487
8000	30000	-1.2588525540578814	0.9551622863310948
8000	32000	-2.433595177836313	0.9097886459802116
8000	34000	-1.630053319216394	0.9389533226627745
8000	36000	0.6284007685687918	1.0235483101997815
8000	38000	0.5535577251700694	1.020454379058666
8000	40000	-0.7156711636393851	0.9735105071028843
8000	42000	-0.3395040643658298	0.9875781064838696
8000	44000	-1.85335025416882	0.9348427102979382
8000	46000	-0.3502045422153337	0.9879542636785114
8000	48000	-0.04925710045623788	0.9983646249107535
8000	50000	0.10902749604686335	1.0033768576193014
8000	52000	0.015546306023964007	1.000441263374635
8000	54000	-4.131048267316949	0.8955704954526508
10000	10000	-47.676386106721836	0.7072884423383032
10000	12000	10.096712435286392	1.0865657905108168
10000	14000	16.533409186906596	1.2245987636748685
10000	16000	9.324101925697093	1.1606387964116602
10000	18000	4.044648056140595	1.0817023834593849
10000	20000	1.7279314789651394	1.0402699859614164
10000	22000	-0.8799985560654164	0.9771295279295982
10000	24000	-2.113980842418151	0.940351405305187
10000	26000	-1.9214068618012021	0.9405713208558448
10000	28000	-1.8081344790259273	0.9400719080209705
10000	30000	-2.082522597074746	0.9272918646583161
10000	32000	-1.5775525540578812	0.9438108541874198
10000	34000	-1.95169517783631	0.9276522791341806
10000	36000	0.23204668078360768	1.0086903162503795
10000	38000	-0.8749992314312074	0.9672108082024778
10000	40000	-0.9749422748299317	0.9639751412672228
10000	42000	-1.1938711636393826	0.955810652550992
10000	44000	-0.6829040643658288	0.9750136671113775
10000	46000	0.7464497458311818	1.0262425530348362
10000	48000	0.3661954577846629	1.0125957644600982
10000	50000	0.7086428995437615	1.0235275104370953
10000	52000	0.140327496046865	1.004346297873517
10000	54000	-3.0714536939760393	0.9128204462236942
12000	12000	27.14561389327818	1.1666618545415335
12000	14000	39.79371243528638	1.3411778038049056
12000	16000	17.81290918690661	1.2419801830103057
12000	18000	9.942101925697088	1.1712859104150803
12000	20000	2.2460480561405944	1.0453704443511231
12000	22000	-2.3035685210348618	0.9463146119319552
12000	24000	-5.361198556065418	0.8606666556493106
12000	26000	-4.126780842418157	0.8835577537296203
12000	28000	-2.8948068618012	0.9104642792765869
12000	30000	-1.310634479025925	0.9565608506883481
12000	32000	-1.0711225970747442	0.9626033701314736
12000	34000	-1.662352554057879	0.9407904542947821
12000	36000	-1.0842951778363101	0.9598060774279196
12000	38000	0.5932466807836079	1.0222175178420463
12000	40000	-1.150399231431205	0.9568906352278488
12000	42000	0.8207577251700684	1.0303276223284557
12000	44000	-0.18367116363938507	0.9932016878256087
12000	46000	0.47779593563416967	1.0174817648972005
12000	48000	-0.0841502541688186	0.9970415724296868
12000	50000	0.3629954577846668	1.0124856963382376
12000	52000	1.0349428995437613	1.0343609311354003
12000	54000	-3.1889725039531314	0.9012294468077292
14000	14000	-34.80938610672183	0.7862860325499919
14000	16000	-1.653287564713608	0.9858252727411586
14000	18000	-2.4722908130933945	0.9664150657745013
14000	20000	-3.3172980743029115	0.9428484615203414
14000	22000	-4.810851943859404	0.9028202046685403
14000	24000	-6.078468521034864	0.858339381515531
14000	26000	-3.9661985560654216	0.8969216112038497
14000	28000	-4.770880842418155	0.8653836723604716
14000	30000	-3.0349068618012005	0.9061310180014132
14000	32000	-1.3232344790259276	0.956143241286119
14000	34000	-1.5608225970747434	0.9455062332615851
14000	36000	1.6706474459421194	1.0595049925278195
14000	38000	0.8433048221636881	1.031260610043796
14000	40000	-0.5414533192163908	0.9797221810589223
14000	42000	0.8099007685687916	1.0303497313867647
14000	44000	-0.25774227482992984	0.9904762268701164
14000	46000	1.8415288363606166	1.068161423163318
14000	48000	1.7477959356341692	1.0639489693324513
14000	50000	0.23844974583117917	1.0083830561080172
14000	52000	1.0067954577846656	1.0346300266051074
14000	54000	-2.3878571004562374	0.9207212364796903
16000	16000	-31.07138610672183	0.8092356705550662
16000	18000	-21.337787564713594	0.8170570410784491
16000	20000	-10.246290813093403	0.8608088493511413
16000	22000	-7.274598074302908	0.8746707523848489
16000	24000	-8.08305194385941	0.8367213660440241
16000	26000	-3.890268521034862	0.9093360699568722
16000	28000	-3.7124985560654196	0.9035150751638402
16000	30000	-3.1073808424181593	0.9123213906613238
16000	32000	-3.1417068618012003	0.9028277181856491
16000	34000	-1.3105344790259252	0.9565641650486834
16000	36000	0.2216774029252555	1.007739532160046
16000	38000	-0.23285255405787808	0.9917062755981506
16000	40000	0.7246048221636876	1.026860499532536
16000	42000	1.5828466807836072	1.0592787545394813
16000	44000	1.5382007685687924	1.0576416049431279
16000	46000	2.1252577251700693	1.0785298897140871
16000	48000	2.0568288363606158	1.0761304291964056
16000	50000	1.7586959356341687	1.0643477823468956
16000	52000	0.9573497458311806	1.0336570567786671
16000	54000	-2.334404542215335	0.9197051488671981
18000	18000	-79.73668610672183	0.5104526265720951
18000	20000	-29.059787564713602	0.7508512301663384
18000	22000	-11.2765908130934	0.8468126974626684
18000	24000	-6.085898074302904	0.895150079918612
18000	26000	-3.265151943859408	0.934043532968129
18000	28000	-3.66566852103486	0.9145704435168417
18000	30000	-1.1182985560654188	0.9709362978875574
18000	32000	-0.721580842418156	0.9796397004432131
18000	34000	-0.3083068618012028	0.9904641385787761
18000	36000	-1.6850344790259264	0.9441518855935417
18000	38000	1.9228774029252556	1.067134364185887
18000	40000	0.016947445942118833	1.0006036328290573
18000	42000	3.1126048221636893	1.1153816781415384
18000	44000	2.0412466807836047	1.076446166526248
18000	46000	2.080000768568791	1.0779446903376597
18000	48000	2.7521577251700684	1.101694321622138
18000	50000	2.2896288363606168	1.0847471714374777
18000	52000	2.084695935634169	1.0762755844302752
18000	54000	-2.3684502541688204	0.9167336022920238
20000	20000	-69.15298610672183	0.5754317822046007
20000	22000	-5.896287564713603	0.9494472287499537
20000	24000	1.320809186906601	1.017942585650427
20000	26000	3.1109019256970925	1.053595675495722
20000	28000	-0.5051519438594099	0.989795869195641
20000	30000	0.29063147896513897	1.0067732579215938
20000	32000	-0.16569855606542205	0.9956936245264493
20000	34000	-0.4329808424181607	0.9877829078382392
20000	36000	-1.2258068618012032	0.9620860713412897
20000	38000	2.2149655209740757	1.0734119386644418
20000	40000	0.03207740292525685	1.0011199341397665
20000	42000	1.6737474459421193	1.0596154080899323
20000	44000	2.1823048221636867	1.0808962290377049
20000	46000	2.617646680783608	1.0980327639720862
20000	48000	2.8727007685687944	1.1076498505300651
20000	50000	1.2913577251700694	1.0477166503328084
20000	52000	1.9933288363606145	1.0737800720988622
20000	54000	-2.501404064365829	0.9084777527290911
22000	22000	-41.85238610672182	0.7430451817020146
22000	24000	33.03171243528641	1.2832027075361032
22000	26000	18.902309186906592	1.2567791812315057
22000	28000	6.657001925697088	1.1146890913007836
22000	30000	5.0744480561405965	1.10250446891123
22000	32000	2.45933147896514	1.0573154927368469
22000	34000	-0.22169855606541944	0.9942382284611775
22000	36000	-1.1005808424181538	0.9689457447858504
22000	38000	0.9072931381987956	1.0280623713132593
22000	40000	-1.5377344790259286	0.9490339383672194
22000	42000	0.8835774029252548	1.0308487722951882
22000	44000	-0.5498525540578818	0.9804153939240212
22000	46000	1.0119048221636895	1.0375104721516175
22000	48000	0.6003466807836091	1.0224834179840752
22000	50000	1.1474007685687937	1.0429970021890063
22000	52000	0.46365772517006576	1.017132505668119
22000	54000	-2.344371163639387	0.9132266235632206
24000	24000	15.791613893278168	1.096953403522375
24000	26000	38.899712435286375	1.3335129507933248
24000	28000	14.519309186906597	1.1972381410226574
24000	30000	12.743601925697092	1.2195511043966036
24000	32000	4.545848056140592	1.091826684516352
24000	34000	-0.5185685210348652	0.9879145977046421
24000	36000	0.23040144393458206	1.0059879527667024
24000	38000	0.2387191575818477	1.0067357574821723
24000	40000	-1.3342068618011993	0.9587332838878362
24000	42000	-1.1431344790259281	0.9621124042497265
24000	44000	-0.3390225970747416	0.9881635373817197
24000	46000	0.9337474459421209	1.0332581448758766
24000	48000	-0.28699517783631023	0.9893613268856071
24000	50000	0.777646680783608	1.0291234313899518
24000	52000	0.2840007685687951	1.0106424729722499
24000	54000	-1.6690422748299305	0.9383276182374283
26000	26000	-28.788386106721816	0.8232522632692408
26000	28000	-2.352287564713606	0.9798322836414998
26000	30000	7.210009186906603	1.0979446604845478
26000	32000	3.434701925697091	1.05917421192664
26000	34000	0.506648056140591	1.0102343524546977
26000	36000	-2.8179685210348637	0.9343263583288904
26000	38000	0.2512014439345833	1.0065285284480892
26000	40000	-2.9695808424181607	0.9162095887868767
26000	42000	-0.10370686180120003	0.9967923702483016
26000	44000	0.20626552097407114	1.006836382612258
26000	46000	1.7344774029252576	1.0605566623556093
26000	48000	1.3695474459421213	1.0487804358335597
26000	50000	1.2212048221636884	1.0452690494895005
26000	52000	1.148946680783606	1.0430288852963356
26000	54000	-2.0619992314312086	0.9227298883735572
28000	28000	-13.334386106721837	0.9181328694036492
28000	30000	8.296712435286395	1.071133200554614
28000	32000	2.2800091869065966	1.0309728767223705
28000	34000	-1.230598074302904	0.9787988382047053
28000	36000	-5.260751943859404	0.8937321698610194
28000	38000	-0.21336852103485882	0.9950273795857763
28000	40000	-1.5049985560654164	0.9608862682725465
28000	42000	-0.8806808424181511	0.975150496366468
28000	44000	1.1005931381987963	1.0340410965416038
28000	46000	2.367465520974072	1.0784663381755475
28000	48000	1.9506774029252547	1.068104959254261
28000	50000	2.2646474459421206	1.0806620389455883
28000	52000	2.6365048221636904	1.0977330461751458
28000	54000	-0.7457533192163908	0.9720709980988516
30000	30000	1.655613893278172	1.010164724325015
30000	32000	-7.206287564713605	0.9382157327262726
30000	34000	-1.6787908130934	0.977194398515939
30000	36000	-11.616598074302907	0.7998653009239264
30000	38000	-2.036251943859405	0.9588674626746468
30000	40000	-3.7854685210348578	0.9117784668806693
30000	42000	1.2783014439345806	1.0332220516381014
30000	44000	1.7464191575818475	1.049277385304351
30000	46000	1.6223931381988024	1.050180252383043
30000	48000	3.4290655209740706	1.1136515874935136
30000	50000	2.6740774029252563	1.0933613791269943
30000	52000	3.33344744594212	1.1187304753282679
30000	54000	-1.0872951778363102	0.9596948699171044
32000	32000	-26.125386106721834	0.8396018849940972
32000	34000	-5.259287564713603	0.9549086508622321
32000	36000	-13.606490813093401	0.8151620769783892
32000	38000	-2.652298074302905	0.9543053074948956
32000	40000	-5.175351943859404	0.8954572602645808
32000	42000	1.3160314789651437	1.0306705270595844
32000	44000	2.750701443934581	1.0714885724685699
32000	46000	3.1935191575818465	1.0901091088710257
32000	48000	4.3384931381988	1.1341886103380694
32000	50000	2.6088655209740708	1.0864672040246026
32000	52000	4.300777402925252	1.1501551560235586
32000	54000	0.8108474459421195	1.0288807021069477
34000	34000	-68.10998610672182	0.5818353328839191
34000	36000	-28.359487564713604	0.7568553650254101
34000	38000	-1.486190813093387	0.9798107809809684
34000	40000	-6.85469807430291	0.8819049322716387
34000	42000	3.046548056140594	1.0615406418692839
34000	44000	3.497031478965141	1.0814994172389853
34000	46000	4.277401443934586	1.1111663076980431
34000	48000	4.261019157581842	1.1202299470352335
34000	50000	4.9007931381988	1.1515804220085204
34000	52000	3.925465520974072	1.1301040721972047
34000	54000	0.09047740292525575	1.003158882053186
36000	36000	134.45261389327817	1.8254785494079102
36000	38000	-17.625587564713598	0.8488841857647917
36000	40000	-15.5524908130934	0.788726561521757
36000	42000	-3.855598074302911	0.9335744461998868
36000	44000	0.6394480561405942	1.0129169286326012
36000	46000	2.147831478965145	1.0500558873765151
36000	48000	1.85170144393458	1.0481242677778668
36000	50000	6.7453191575818465	1.1903275566383638
36000	52000	2.7483931381988	1.085007177406923
36000	54000	2.26166552097407	1.0749597449409576
38000	38000	-59.97338610672183	0.6317903956426372
38000	40000	-15.498287564713607	0.8671229349946975
38000	42000	-9.46959081309339	0.8713599618152555
38000	44000	-1.9948980743029097	0.9656312180868831
38000	46000	0.4513480561405885	1.0091172857179653
38000	48000	2.6300314789651367	1.0612937098636803
38000	50000	1.781401443934577	1.0462972259316417
38000	52000	3.4317191575818455	1.0968302176773155
38000	54000	-0.5380068618012004	0.9833595695929988
40000	40000	135.24361389327817	1.8303349334801449
40000	42000	1.552712435286395	1.0133124301853735
40000	44000	-2.123390813093394	0.971154711891058
40000	46000	1.7972019256970881	1.030962805485539
40000	48000	3.8371480561405917	1.0775108581814108
40000	50000	2.611331478965141	1.060857900488919
40000	52000	2.3260014439345795	1.06045095266641
40000	54000	-2.0986808424181547	0.9407831138053391
42000	42000	-3.672386106721831	0.9774532017752461
42000	44000	-18.486587564713602	0.8415022635690746
42000	46000	-5.221990813093399	0.9290616552651993
42000	48000	-0.8275980743029052	0.985741859148683
42000	50000	-0.8869519438594082	0.9820834626841684
42000	52000	2.128931478965143	1.049615416938922
42000	54000	-2.7413985560654197	0.9287532022885807
44000	44000	12.681613893278183	1.0778594029349535
44000	46000	-6.625287564713602	0.9431970298176913
44000	48000	-5.475490813093401	0.9256179742948726
44000	50000	-3.688498074302906	0.9364533017823649
44000	52000	0.25784805614059536	1.005208562145493
44000	54000	-3.98266852103486	0.907182658928639
46000	46000	-43.69538610672183	0.7317299910002082
46000	48000	-13.007287564713607	0.8884799247618651
46000	50000	-8.3966908130934	0.8859348151212272
46000	52000	-2.912998074302905	0.9498138793060741
46000	54000	-5.408151943859409	0.8907546719045212
48000	48000	-58.72738610672182	0.639440274977662
48000	50000	-18.908287564713604	0.8378867506887798
48000	52000	-3.765090813093394	0.9488529720528497
48000	54000	-6.921598074302906	0.8807523563382588
50000	50000	-27.36038610672182	0.8320195407093816
50000	52000	-18.088587564713606	0.8449145806816127
50000	54000	-8.789190813093398	0.880602883046855
52000	52000	-37.80338610672182	0.7679042197658311
52000	54000	-12.292287564713604	0.8946100924389124
54000	54000	-32.31538610672183	0.8015980703200976
