0	0	15.888415531923442	1.0959013452964774
0	2000	20.24464514843504	1.2107623873974227
0	4000	-0.37099853114915504	0.9933814909209976
0	6000	-2.66330443374315	0.9399022441616128
0	8000	-7.972130021077206	0.7893702951796198
0	10000	-0.13980296553744154	0.9958391235201163
0	12000	1.2559430304066161	1.041113141382451
0	14000	-2.517525439966402	0.9106462808321338
0	16000	0.0642614862796691	1.002405208313851
0	18000	-2.992631380971801	0.881855347629399
0	20000	-1.5336618580753303	0.9376678343753796
0	22000	0.15304124952974618	1.0063998759480797
0	24000	-0.26226785279782305	0.9886584755024475
0	26000	0.8586822269917747	1.0376806426643996
0	28000	-0.21345864080252852	0.9905311121567422
0	30000	0.02678715369090412	1.0012103625213933
0	32000	2.0246433762059475	1.09070309656353
0	34000	-0.1648110622427943	0.9926613033752036
0	36000	-6.023834082540759	0.7379475814205131
0	38000	-0.17924903410880333	0.9926733805760564
0	40000	-5.504250277876906	0.7851878362605664
0	42000	-3.2064222942022447	0.8856972855441888
0	44000	-2.6319674310066112	0.9116109255182742
0	46000	0.4224066312246677	1.0128727983137356
0	48000	1.1540731082252833	1.0305535643129642
0	50000	4.256411746654386	1.099572900745621
0	52000	5.743039512180495	1.1177236879167618
0	54000	-9.011966047012265E-5	0.9999992133621712
2000	2000	269.2534155319234	2.625194452102611
2000	4000	8.58664514843504	1.08939360596096
2000	6000	0.33970146885084773	1.0060601783213956
2000	8000	-8.736604433743146	0.8028575654125529
2000	10000	0.014169978922794257	1.0003743815605024
2000	12000	2.1766970344625634	1.0647838009709631
2000	14000	-1.6598569695933811	0.9456647852542756
2000	16000	0.9132745600335959	1.0324145596564407
2000	18000	-4.799638513720332	0.820356933444714
2000	20000	-1.7338313809718002	0.9315509063105415
2000	22000	-0.5048618580753299	0.9794810487139602
2000	24000	-2.2502587504702554	0.9058987240476541
2000	26000	-0.14766785279782368	0.9936142437887782
2000	28000	-2.3191177730082266	0.8982326111400719
2000	30000	-1.9450586408025323	0.9137184512696448
2000	32000	-0.003512846309096318	0.9998412740089894
2000	34000	-1.3268566237940504	0.9405574305636586
2000	36000	-8.033811062242796	0.6422709657688035
2000	38000	-1.1345340825407604	0.950644822513892
2000	40000	-6.621949034108809	0.7293346619194794
2000	42000	-3.8848502778769074	0.8483875093128277
2000	44000	-4.995122294202247	0.8219336117084637
2000	46000	-2.203467431006608	0.926001194170244
2000	48000	-1.5699933687753322	0.9521546147806621
2000	50000	-2.7520268917747117	0.9271413309697951
2000	52000	-4.83708825334562	0.8868429707424871
2000	54000	-5.743060487819498	0.8822758821141296
4000	4000	-54.097584468076576	0.6734708305334516
4000	6000	17.403645148435047	1.1811853837895148
4000	8000	4.778801468850844	1.085252469357146
4000	10000	13.658795566256856	1.3082122158425826
4000	12000	14.796569978922797	1.390936570123011
4000	14000	7.301997034462559	1.2173252019374317
4000	16000	8.909243030406618	1.2916429801765272
4000	18000	1.529074560033596	1.05427095061482
4000	20000	5.236061486279667	1.1959777052747675
4000	22000	6.030768619028194	1.2380858085472737
4000	24000	4.430338141924668	1.1800609237176172
4000	26000	5.614641249529747	1.2347929568033054
4000	28000	3.66023214720218	1.1582832669782988
4000	30000	2.999882226991776	1.1316406543391084
4000	32000	5.31904135919747	1.2359492493465465
4000	34000	3.4102871536909056	1.1540919130731564
4000	36000	-3.937656623794048	0.8235947855412911
4000	38000	4.604188937757204	1.2050150357484304
4000	40000	-1.5152340825407613	0.9340833843357786
4000	42000	0.7273509658911905	1.0297297206716765
4000	44000	1.6203497221230911	1.0632367374759182
4000	46000	4.987577705797754	1.1777974383981784
4000	48000	6.90403256899339	1.231857370944604
4000	50000	6.24910663122467	1.1904408770088564
4000	52000	3.67987310822528	1.0974229785568843
4000	54000	0.580611746654391	1.0135826135398676
6000	6000	-67.82148446807659	0.5906343469287836
6000	8000	11.944645148435043	1.1243529787576354
6000	10000	16.040101468850843	1.286150882783492
6000	12000	16.41449556625686	1.370394887739045
6000	14000	8.902969978922798	1.235223200540805
6000	16000	9.868597034462553	1.2937134640334138
6000	18000	0.9619430304066157	1.0314890873658231
6000	20000	5.577174560033598	1.1979488594141312
6000	22000	6.066361486279664	1.2270545536112556
6000	24000	4.1669686190281965	1.1645057463690776
6000	26000	5.8871381419246696	1.2392692155609728
6000	28000	2.595141249529746	1.1085235654816497
6000	30000	2.969332147202177	1.1284059518908123
6000	32000	4.464082226991774	1.1958925920815469
6000	34000	2.5000413591974677	1.1109002247215018
6000	36000	-4.346312846309093	0.8036142907856416
6000	38000	3.147943376205948	1.1410264224228932
6000	40000	-2.5731110622427984	0.8854246722838967
6000	42000	0.5895659174592396	1.0256476477381764
6000	44000	0.07575096589119212	1.0030962426148642
6000	46000	4.14814972212309	1.161888172292212
6000	48000	4.919777705797756	1.1753805003503996
6000	50000	3.237632568993387	1.1087290605931888
6000	52000	2.2097066312246696	1.0673405806007572
6000	54000	-2.081926891774714	0.9448819258248315
8000	8000	342.7954155319234	3.069088729768179
8000	10000	15.207645148435034	1.1583233282024095
8000	12000	4.468501468850846	1.0797168049412975
8000	14000	-0.5238044337431447	0.9881802956630396
8000	16000	0.7855699789228012	1.020755353003375
8000	18000	-6.819102965537443	0.7970469007282146
8000	20000	-1.978056969593382	0.9352485471995442
8000	22000	0.5602745600335979	1.0198856444107312
8000	24000	-0.9870385137203321	0.9630566708501029
8000	26000	0.3009686190282004	1.0118817950969958
8000	28000	-2.685061858075329	0.8908718244711792
8000	30000	-1.9238587504702558	0.9195481127965823
8000	32000	-0.8622678527978245	0.9627120446839617
8000	34000	-2.310617773008225	0.8986056076370059
8000	36000	-8.82775864080253	0.6084063115794023
8000	38000	-1.4556128463090943	0.9342289496241172
8000	40000	-6.8588566237940505	0.6927263625907243
8000	42000	-3.6742110622427937	0.8363949606638171
8000	44000	-3.3536340825407613	0.8541082124244481
8000	46000	-1.5795490341088048	0.9354375620939286
8000	48000	-1.4807502778769077	0.9422113539373438
8000	50000	-2.9733222942022444	0.8940068468854465
8000	52000	-5.19186743100661	0.8256420836928903
8000	54000	-7.311193368775331	0.7771921397254118
10000	10000	-21.14358446807657	0.8723788290403065
10000	12000	28.051645148435043	1.292039285379449
10000	14000	16.809501468850847	1.2998767616154414
10000	16000	13.236395566256853	1.2986807136438434
10000	18000	1.0132699789227928	1.0267713592226413
10000	20000	5.838997034462558	1.1737827615702445
10000	22000	7.474843030406614	1.2446880717362174
10000	24000	5.8655745600336004	1.2081849476771982
10000	26000	7.090661486279661	1.2653925227200895
10000	28000	3.4151686190282007	1.134825796403648
10000	30000	2.687638141924669	1.10923288267189
10000	32000	4.217841249529744	1.1763816020100983
10000	34000	1.835932147202179	1.0793931440746924
10000	36000	-5.2597177730082265	0.7691933759772428
10000	38000	2.4299413591974677	1.107790633864384
10000	40000	-3.4931128463090957	0.842165654441845
10000	42000	-0.5468566237940493	0.9755010735533348
10000	44000	1.1304889377572032	1.050338340394084
10000	46000	4.709065917459238	1.2048565906715565
10000	48000	3.924450965891193	1.1604078862570588
10000	50000	3.4265497221230916	1.1337265790635398
10000	52000	1.2721777057977555	1.0453506593020454
10000	54000	-0.11436743100660962	0.9961592110683297
12000	12000	-27.02458446807657	0.8368815316190887
12000	14000	29.484645148435035	1.3069579218349687
12000	16000	19.959901468850838	1.3560790083949747
12000	18000	1.9684955662568555	1.0444193177509131
12000	20000	8.2375699789228	1.2176428292702746
12000	22000	10.314197034462559	1.3069756044487377
12000	24000	8.336243030406617	1.272885895307385
12000	26000	9.914974560033592	1.3519089969575837
12000	28000	5.679861486279666	1.2125884547529484
12000	30000	4.7956686190281985	1.189325890746925
12000	32000	5.792038141924667	1.235404094367739
12000	34000	3.3594412495297483	1.140485047775785
12000	36000	-4.064667852797825	0.82422729459543
12000	38000	4.044982226991774	1.1775016706856611
12000	40000	-2.935858640802529	0.8697672013233894
12000	42000	1.2079871536909046	1.0545822222854666
12000	44000	1.373043376205949	1.061511714804462
12000	46000	5.481588937757206	1.2440838478231357
12000	48000	6.29536591745924	1.273864758210146
12000	50000	4.072450965891193	1.1664572336364452
12000	52000	4.007549722123095	1.1564010325916145
12000	54000	-0.004822294202245558	0.9998280945968289
14000	14000	-26.92358446807657	0.8374911604304376
14000	16000	-1.053554851564968	0.9890316805188786
14000	18000	-10.076598531149159	0.8202363263884175
14000	20000	-0.8611044337431437	0.9805690842718588
14000	22000	4.0382699789227985	1.106694147159755
14000	24000	2.9710970344625593	1.088427078228443
14000	26000	4.720043030406618	1.1545100309028618
14000	28000	1.6003745600335968	1.0568015785383869
14000	30000	1.3429614862796662	1.0502649770334311
14000	32000	2.3666686190282	1.0934325700951177
14000	34000	-0.03866185807532929	0.9984286775287409
14000	36000	-7.981558750470253	0.6662273339228639
14000	38000	0.81113214720218	1.0350766402367186
14000	40000	-5.248517773008224	0.7696848537143794
14000	42000	-2.111058640802529	0.9063547981700502
14000	44000	-1.3145128463090963	0.9406044740168623
14000	46000	1.676643376205952	1.0751128558450591
14000	48000	2.5756889377572065	1.114690115195046
14000	50000	0.6067659174592386	1.0263958923839962
14000	52000	0.2034509658911965	1.0083158484280241
14000	54000	-2.332750277876908	0.9089606923092552
16000	16000	-49.76758446807659	0.6996064023467271
16000	18000	-23.713654851564954	0.7531225430829219
16000	20000	-1.661998531149159	0.9703504153139707
16000	22000	6.697595566256858	1.1511319764821104
16000	24000	5.621069978922797	1.1485129202992141
16000	26000	8.186097034462556	1.2436381694894685
16000	28000	4.619343030406622	1.1512136287277788
16000	30000	3.885774560033596	1.1379165442679748
16000	32000	4.490461486279667	1.168071047296103
16000	34000	2.501168619028199	1.0987424307899174
16000	36000	-6.072561858075332	0.7531946631454195
16000	38000	2.808641249529746	1.117451704261969
16000	40000	-3.7618678527978204	0.8373215933484925
16000	42000	-0.2094177730082265	0.9908103416790843
16000	44000	0.0410413591974681	1.0018205682642531
16000	46000	3.5795871536909054	1.1617416386556636
16000	48000	4.533443376205948	1.2030961882718627
16000	50000	2.623988937757204	1.116840814560453
16000	52000	2.5891659174592405	1.112635438074282
16000	54000	-0.6226490341088038	0.9745498628191647
18000	18000	-96.46938446807657	0.417717661536281
18000	20000	-26.42925485156495	0.7248510502995237
18000	22000	-1.2409985311491596	0.9778609364840389
18000	24000	1.3474955662568533	1.0304063848308918
18000	26000	4.981269978922796	1.1316089203910602
18000	28000	0.4048970344625573	1.0120507211059036
18000	30000	-0.42455696959338596	0.9861021795629163
18000	32000	1.1081745600335964	1.0393320825498933
18000	34000	-1.5863385137203352	0.9406257962167689
18000	36000	-8.608331380971801	0.6601558331031108
18000	38000	-0.6155618580753313	0.9749819013312999
18000	40000	-6.797858750470255	0.715727277127846
18000	42000	-3.6299678527978223	0.8430254837234231
18000	44000	-3.0975177730082244	0.864074908409083
18000	46000	-0.2915586408025277	0.9870666464514507
18000	48000	0.05988715369090514	1.0027059674639862
18000	50000	-1.0939566237940497	0.9509912439640374
18000	52000	-1.1500110622427968	0.9487923796733576
18000	54000	-2.76273408254076	0.8798138962160089
20000	20000	-76.57878446807658	0.537775907427537
20000	22000	15.821645148435039	1.1647155422873288
20000	24000	19.212301468850846	1.3427420354098367
20000	26000	18.862195566256865	1.425627505948927
20000	28000	8.604969978922796	1.2273498151506366
20000	30000	5.7466970344625565	1.1710356889483093
20000	32000	6.191543030406617	1.2026794033024126
20000	34000	2.274774560033599	1.0807378404129095
20000	36000	-7.669938513720332	0.7129260316258271
20000	38000	2.2293686190282003	1.0880121695494227
20000	40000	-5.764861858075328	0.7657004233048103
20000	42000	-2.091458750470256	0.9125394193090813
20000	44000	-1.7323678527978217	0.9250853955920209
20000	46000	2.021582226991775	1.0887109516390487
20000	48000	2.5808413591974713	1.1144844606880517
20000	50000	1.1962871536909034	1.0540535643450335
20000	52000	0.6928433762059498	1.0310390661357727
20000	54000	-0.8199110622427952	0.963491051733832
22000	22000	-35.34658446807657	0.7866505319354677
22000	24000	50.649645148435056	1.5273019138664263
22000	26000	36.82210146885085	1.6568958969316212
22000	28000	15.774695566256852	1.3559577307628297
22000	30000	10.0451699789228	1.2654009884356054
22000	32000	10.095297034462561	1.3004606077321434
22000	34000	3.124243030406614	1.1022717132166888
22000	36000	-6.838225439966401	0.7572930680782043
22000	38000	3.148761486279664	1.1178532857483896
22000	40000	-4.909831380971802	0.8061671325805537
22000	42000	-1.5294618580753294	0.9378385337340714
22000	44000	-0.727958750470254	0.9695582353604398
22000	46000	2.6467321472021794	1.1144554209207398
22000	48000	3.3213822269917728	1.145748698311376
22000	50000	2.927041359197471	1.1298416697427485
22000	52000	2.0577871536909065	1.092979958847869
22000	54000	0.3157433762059476	1.0141451587365329
24000	24000	5.310415531923439	1.032053290183122
24000	26000	49.361645148435045	1.5138928393690714
24000	28000	17.200301468850846	1.306848523309652
24000	30000	10.354195566256855	1.233643555411821
24000	32000	9.472569978922799	1.250272463353691
24000	34000	1.834897034462557	1.0546110011640564
24000	36000	-8.589656969593381	0.7188186304092821
24000	38000	2.1705745600335966	1.0770395033913716
24000	40000	-6.399038513720335	0.7604938583762099
24000	42000	-1.5534313809718014	0.9386728309896629
24000	44000	-2.3598618580753303	0.9040888319584519
24000	46000	1.220641249529745	1.0510447516476986
24000	48000	1.806332147202177	1.0781131201543137
24000	50000	1.5302822269917726	1.067151754116265
24000	52000	0.526941359197469	1.023374779355175
24000	54000	-0.9255128463090969	0.9581812209252815
26000	26000	10.500415531923437	1.0633797607861013
26000	28000	22.724645148435044	1.236581102268106
26000	30000	12.202901468850847	1.2176963178576332
26000	32000	11.272195566256855	1.2543583258153312
26000	34000	3.1306699789227963	1.0827146687029865
26000	36000	-8.44380296553744	0.7486918748467597
26000	38000	4.40674303040662	1.1442541937484076
26000	40000	-5.8766254399664035	0.791422827002494
26000	42000	-0.8963385137203339	0.9664514319534625
26000	44000	-0.4102313809718048	0.9838046729695501
26000	46000	2.69333814192467	1.1094645460872574
26000	48000	3.3185412495297477	1.1387746923841455
26000	50000	2.3417321472021797	1.101265985254676
26000	52000	1.391382226991773	1.0610565525369557
26000	54000	-2.586408025315734E-4	0.9999885268605587
28000	28000	-17.09058446807657	0.8968424485689916
28000	30000	4.192645148435048	1.0436486732424994
28000	32000	7.279301468850846	1.129860683575094
28000	34000	-1.2068044337431374	0.9727683259619533
28000	36000	-12.822630021077202	0.661216416538638
28000	38000	1.3523970344625624	1.0402506269486307
28000	40000	-8.577556969593385	0.7192147224283336
28000	42000	-2.713325439966404	0.9036968145287063
28000	44000	-2.462638513720332	0.9078272388311679
28000	46000	0.8382686190281987	1.03309360291347
28000	48000	0.931838141924672	1.0378724221978624
28000	50000	0.22004124952974635	1.0092016806238708
28000	52000	0.3141321472021765	1.0135843467087395
28000	54000	-2.1873177730082247	0.9040162509395894
30000	30000	-31.601584468076567	0.8092550853859797
30000	32000	0.5769451484350441	1.0060064444691406
30000	34000	-3.9876985311491566	0.928860583757609
30000	36000	-16.753004433743143	0.6219666226427301
30000	38000	0.3192699789227973	1.0084353543207052
30000	40000	-9.862002965537442	0.7064827915051707
30000	42000	-4.036856969593384	0.8678539811810627
30000	44000	-3.1309254399664006	0.8888750723003543
30000	46000	0.47206148627966726	1.017668533318813
30000	48000	1.2031686190281974	1.0474993141962385
30000	50000	-0.24436185807533306	0.9900684732232916
30000	52000	-0.27735875047025615	0.9884014172546403
30000	54000	-1.9245678527978214	0.9167738889198325
32000	32000	-52.233584468076586	0.6847218018636931
32000	34000	-15.945354851564957	0.8339965441837
32000	36000	-22.14959853114916	0.6048574140695664
32000	38000	1.4049955662568578	1.0317038786197825
32000	40000	-10.122530021077203	0.7325551007399604
32000	42000	-3.3385029655374403	0.9006380271410863
32000	44000	-1.9638569695933832	0.9357133824615718
32000	46000	1.959174560033599	1.069536351315046
32000	48000	3.0477614862796685	1.1140730115318591
32000	50000	1.8395686190281992	1.0726234431640485
32000	52000	1.5460381419246687	1.0628351712713036
32000	54000	-1.4575587504702554	0.939047836980483
34000	34000	-108.52458446807658	0.34495333236228576
34000	36000	-42.31855485156496	0.5594311687693825
34000	38000	-5.10479853114915	0.9089318350661996
34000	40000	-16.05860443374314	0.6376358345906575
34000	42000	-7.457930021077203	0.8029558480911119
34000	44000	-5.318002965537442	0.841723289815832
34000	46000	-0.8290569695933847	0.9728609215706512
34000	48000	0.3683745600335939	1.013074599550528
34000	50000	-1.1490385137203312	0.9569932607206184
34000	52000	-0.5636313809718025	0.9777486682812063
34000	54000	-2.6194618580753293	0.8935379858831259
36000	36000	157.98941553192344	1.9536128672914588
36000	38000	-24.936954851564963	0.7403870455420722
36000	40000	-31.413198531149156	0.43959740477967096
36000	42000	-18.64140443374314	0.5793546701046166
36000	44000	-14.503630021077203	0.6168031251263114
36000	46000	-11.176302965537442	0.6673660250153594
36000	48000	-8.331256969593383	0.7272773227830801
36000	50000	-7.629725439966403	0.72920061363917
36000	52000	-8.421338513720336	0.6848022885931435
36000	54000	-8.915831380971802	0.6480161887636993
38000	38000	-57.176584468076584	0.6548862056805473
38000	40000	-37.41305485156496	0.6105012114299219
38000	42000	-15.577798531149156	0.7220964711371574
38000	44000	-9.448904433743145	0.7867844380068665
38000	46000	-2.835030021077202	0.9250963625884614
38000	48000	-0.3867029655374381	0.9884907786625234
38000	50000	-1.2135569695933839	0.9602743611305374
38000	52000	-0.47522543996640465	0.9831329766007247
38000	54000	-2.2679385137203347	0.9151145595238263
40000	40000	-7.759584468076582	0.9531637004372766
40000	42000	-38.59975485156496	0.5981467481488573
40000	44000	-20.96599853114916	0.6259725039909275
40000	46000	-12.681004433743144	0.713851748005576
40000	48000	-8.342230021077203	0.7795919732571318
40000	50000	-8.938802965537445	0.7339594702112452
40000	52000	-7.0414569695933835	0.7694987679213341
40000	54000	-8.545925439966407	0.696682222284725
42000	42000	-83.07608446807657	0.4985586670713256
42000	44000	-40.21945485156496	0.5812844205375485
42000	46000	-15.199698531149153	0.728841668416024
42000	48000	-7.549104433743146	0.829653632791821
42000	50000	-7.0034300210772	0.8149640818489361
42000	52000	-4.575402965537442	0.8638248730124645
42000	54000	-5.354456969593382	0.8247225064453182
44000	44000	-78.42638446807659	0.5266239253300293
44000	46000	-26.886454851564963	0.7200912452838476
44000	48000	-12.953898531149157	0.7689061065246694
44000	50000	-10.550704433743142	0.7619222005007802
44000	52000	-5.992030021077202	0.841686034814092
44000	54000	-7.093502965537443	0.7888800889464264
46000	46000	-44.64458446807659	0.7305284657184155
46000	48000	-10.57355485156495	0.8899211298862554
46000	50000	-7.475498531149157	0.8666392162113746
46000	52000	-2.134504433743146	0.9518346739975346
46000	54000	-2.9117300210772044	0.9230698905769651
48000	48000	-67.78588446807657	0.590849225994962
48000	50000	-15.093754851564952	0.8428623577255847
48000	52000	-3.071098531149154	0.9452124690414209
48000	54000	-3.182604433743137	0.9281841828647255
50000	50000	11.371415531923418	1.0686370547928825
50000	52000	4.996645148435036	1.052018934031221
50000	54000	-3.863598531149151	0.9310744927295939
52000	52000	-11.265584468076582	0.9320017339759961
52000	54000	23.936645148435034	1.2491989580839402
54000	54000	201.6494155319234	2.217141519801299
